 1.450000e-07	-1.194292e-08	 9.037384e-09	
 1.450050e-07	-1.950173e-08	 8.767463e-09	
 1.450100e-07	-5.476488e-09	 8.852256e-09	
 1.450150e-07	-1.328401e-08	 8.618009e-09	
 1.450200e-07	-7.024556e-09	 8.792090e-09	
 1.450250e-07	-1.290297e-08	 8.678169e-09	
 1.450300e-07	-1.241116e-08	 8.659035e-09	
 1.450350e-07	-1.145677e-08	 8.652369e-09	
 1.450400e-07	-1.048367e-08	 8.644118e-09	
 1.450450e-07	-1.064840e-08	 8.624687e-09	
 1.450500e-07	-8.627313e-09	 8.614000e-09	
 1.450550e-07	-8.983175e-09	 8.618812e-09	
 1.450600e-07	-7.171443e-09	 8.593262e-09	
 1.450650e-07	-7.682412e-09	 8.598325e-09	
 1.450700e-07	-6.933881e-09	 8.568705e-09	
 1.450750e-07	-8.359977e-09	 8.460963e-09	
 1.450800e-07	-6.345281e-09	 8.564205e-09	
 1.450850e-07	-7.776980e-09	 8.372155e-09	
 1.450900e-07	-2.168871e-08	 8.353268e-09	
 1.450950e-07	-2.058450e-08	 8.404686e-09	
 1.451000e-07	-2.048470e-08	 8.396775e-09	
 1.451050e-07	-1.909417e-08	 8.409466e-09	
 1.451100e-07	-1.834788e-08	 8.428367e-09	
 1.451150e-07	-1.826372e-08	 8.421485e-09	
 1.451200e-07	-1.718737e-08	 8.422584e-09	
 1.451250e-07	-1.752652e-08	 8.426943e-09	
 1.451300e-07	-1.586938e-08	 8.422005e-09	
 1.451350e-07	-1.573130e-08	 8.437844e-09	
 1.451400e-07	-1.488502e-08	 8.422114e-09	
 1.451450e-07	-1.366441e-08	 8.439505e-09	
 1.451500e-07	-1.408811e-08	 8.436003e-09	
 1.451550e-07	-1.364482e-08	 8.414760e-09	
 1.451600e-07	-1.355327e-08	 8.413759e-09	
 1.451650e-07	-1.330815e-08	 8.401098e-09	
 1.451700e-07	-1.229088e-08	 8.393135e-09	
 1.451750e-07	-1.309179e-08	 8.386926e-09	
 1.451800e-07	-1.078636e-08	 8.376273e-09	
 1.451850e-07	-1.232215e-08	 8.797923e-09	
 1.451900e-07	-1.436397e-08	 8.786501e-09	
 1.451950e-07	-1.359685e-08	 8.745710e-09	
 1.452000e-07	-1.359220e-08	 8.728272e-09	
 1.452050e-07	-1.254648e-08	 8.700786e-09	
 1.452100e-07	-1.227272e-08	 8.698261e-09	
 1.452150e-07	-1.147719e-08	 8.656275e-09	
 1.452200e-07	-1.200956e-08	 8.644258e-09	
 1.452250e-07	-1.014679e-08	 8.612225e-09	
 1.452300e-07	-1.144675e-08	 8.793460e-09	
 1.452350e-07	-7.891843e-09	 8.612269e-09	
 1.452400e-07	-1.218326e-08	 8.845509e-09	
 1.452450e-07	-6.107853e-09	 8.146973e-09	
 1.452500e-07	-1.142235e-08	 8.709497e-09	
 1.452550e-07	-2.040477e-09	 8.090982e-09	
 1.452600e-07	-1.300552e-08	 8.961902e-09	
 1.452650e-07	-3.271803e-09	 8.112148e-09	
 1.452700e-07	-8.753504e-09	 8.862291e-09	
 1.452750e-07	-8.580763e-09	 8.860820e-09	
 1.452800e-07	-7.956817e-09	 8.810374e-09	
 1.452850e-07	-8.246516e-09	 8.957267e-09	
 1.452900e-07	-5.522542e-09	 8.830913e-09	
 1.452950e-07	-9.183597e-09	 8.922684e-09	
 1.453000e-07	-5.382351e-09	 8.566462e-09	
 1.453050e-07	-8.357880e-09	 9.023453e-09	
 1.453100e-07	-3.469636e-09	 8.996418e-09	
 1.453150e-07	-3.035838e-09	 8.925356e-09	
 1.453200e-07	-3.749776e-09	 8.901515e-09	
 1.453250e-07	-2.937277e-09	 8.848405e-09	
 1.453300e-07	-4.801566e-09	 9.031452e-09	
 1.453350e-07	-8.419845e-10	 8.566630e-09	
 1.453400e-07	-4.331324e-09	 8.526969e-09	
 1.453450e-07	-4.909227e-09	 8.484158e-09	
 1.453500e-07	-3.908267e-09	 8.468420e-09	
 1.453550e-07	-5.673565e-09	 8.442265e-09	
 1.453600e-07	-2.766157e-09	 8.420054e-09	
 1.453650e-07	-6.228610e-09	 8.516154e-09	
 1.453700e-07	-1.520362e-11	 8.165695e-09	
 1.453750e-07	-6.140354e-09	 8.424222e-09	
 1.453800e-07	 2.565107e-10	 7.831894e-09	
 1.453850e-07	-6.755746e-09	 8.285768e-09	
 1.453900e-07	-6.388008e-10	 7.773668e-09	
 1.453950e-07	-6.663125e-09	 8.576740e-09	
 1.454000e-07	 1.193030e-09	 7.876783e-09	
 1.454050e-07	-8.313932e-09	 8.919176e-09	
 1.454100e-07	-1.709003e-10	 8.109886e-09	
 1.454150e-07	-2.524552e-10	 8.063981e-09	
 1.454200e-07	-1.061626e-09	 8.104550e-09	
 1.454250e-07	-2.759658e-10	 7.920417e-09	
 1.454300e-07	-1.416080e-09	 8.062702e-09	
 1.454350e-07	-8.914937e-10	 7.907460e-09	
 1.454400e-07	-2.690738e-09	 8.264247e-09	
 1.454450e-07	 1.446327e-09	 7.787019e-09	
 1.454500e-07	-4.733032e-09	 8.126688e-09	
 1.454550e-07	 1.872401e-09	 7.613252e-09	
 1.454600e-07	-2.170836e-09	 8.089901e-09	
 1.454650e-07	-8.828115e-10	 7.303679e-09	
 1.454700e-07	-6.315850e-09	 7.905105e-09	
 1.454750e-07	 2.073197e-08	 7.304540e-09	
 1.454800e-07	 2.000829e-08	 7.196192e-09	
 1.454850e-07	 1.799984e-08	 7.228911e-09	
 1.454900e-07	 1.676581e-08	 7.173703e-09	
 1.454950e-07	 1.435476e-08	 7.387304e-09	
 1.455000e-07	 1.439033e-08	 6.995713e-09	
 1.455050e-07	 9.101188e-09	 7.232115e-09	
 1.455100e-07	 1.708207e-08	 6.988016e-09	
 1.455150e-07	 5.631659e-09	 7.375275e-09	
 1.455200e-07	 1.725883e-08	 6.980377e-09	
 1.455250e-07	 5.370562e-09	 7.532220e-09	
 1.455300e-07	 4.044165e-08	 7.138730e-09	
 1.455350e-07	-5.220436e-09	 7.334809e-09	
 1.455400e-07	-8.849576e-09	 7.441283e-09	
 1.455450e-07	-3.405382e-09	 7.419383e-09	
 1.455500e-07	-5.619430e-09	 7.733171e-09	
 1.455550e-07	-3.626798e-09	 7.807378e-09	
 1.455600e-07	-6.833521e-09	 8.218806e-09	
 1.455650e-07	-2.128918e-09	 7.792038e-09	
 1.455700e-07	-5.290010e-09	 8.644541e-09	
 1.455750e-07	-3.799939e-09	 7.888557e-09	
 1.455800e-07	-2.688676e-08	 8.887108e-09	
 1.455850e-07	 5.921902e-09	 8.460055e-09	
 1.455900e-07	 6.949873e-09	 8.404784e-09	
 1.455950e-07	 4.821879e-09	 8.456268e-09	
 1.456000e-07	 4.822514e-09	 8.227922e-09	
 1.456050e-07	 5.162429e-09	 8.180755e-09	
 1.456100e-07	 4.782919e-09	 8.197045e-09	
 1.456150e-07	 4.429591e-09	 8.198294e-09	
 1.456200e-07	 4.704644e-09	 8.216152e-09	
 1.456250e-07	 3.369892e-09	 8.228843e-09	
 1.456300e-07	 3.110180e-09	 8.414080e-09	
 1.456350e-07	 3.709946e-09	 8.120759e-09	
 1.456400e-07	 2.572548e-09	 8.361853e-09	
 1.456450e-07	 4.114413e-09	 8.046039e-09	
 1.456500e-07	 1.274668e-09	 8.706998e-09	
 1.456550e-07	 3.548627e-09	 8.116834e-09	
 1.456600e-07	 1.744325e-09	 9.083754e-09	
 1.456650e-07	 2.052747e-08	 8.508010e-09	
 1.456700e-07	 2.217321e-08	 8.463453e-09	
 1.456750e-07	 1.802414e-08	 8.496517e-09	
 1.456800e-07	 1.984035e-08	 8.437441e-09	
 1.456850e-07	 1.509113e-08	 8.472506e-09	
 1.456900e-07	 1.703552e-08	 8.314847e-09	
 1.456950e-07	 1.144056e-08	 8.719623e-09	
 1.457000e-07	 1.453238e-08	 8.363360e-09	
 1.457050e-07	 9.882875e-09	 9.019274e-09	
 1.457100e-07	 1.542686e-08	 8.500189e-09	
 1.457150e-07	 7.069407e-09	 8.974734e-09	
 1.457200e-07	 1.382062e-08	 8.166648e-09	
 1.457250e-07	 4.748404e-09	 9.029348e-09	
 1.457300e-07	 2.753480e-08	 8.324742e-09	
 1.457350e-07	 2.699872e-08	 8.204818e-09	
 1.457400e-07	 2.652588e-08	 8.236656e-09	
 1.457450e-07	 2.368152e-08	 8.159049e-09	
 1.457500e-07	 2.264094e-08	 8.446027e-09	
 1.457550e-07	 2.192858e-08	 7.882036e-09	
 1.457600e-07	 2.305131e-08	 7.898132e-09	
 1.457650e-07	 2.249829e-08	 7.882268e-09	
 1.457700e-07	 2.139808e-08	 7.867500e-09	
 1.457750e-07	 2.202745e-08	 7.861375e-09	
 1.457800e-07	 2.166071e-08	 7.601633e-09	
 1.457850e-07	 2.079526e-08	 7.773930e-09	
 1.457900e-07	 2.182774e-08	 7.495010e-09	
 1.457950e-07	 1.590805e-08	 8.077674e-09	
 1.458000e-07	 2.073399e-08	 7.586891e-09	
 1.458050e-07	 1.342483e-08	 8.437339e-09	
 1.458100e-07	 2.555699e-08	 7.847154e-09	
 1.458150e-07	 1.442472e-08	 8.535260e-09	
 1.458200e-07	 2.938820e-08	 7.345483e-09	
 1.458250e-07	-1.937681e-09	 7.787205e-09	
 1.458300e-07	-4.732368e-09	 7.867762e-09	
 1.458350e-07	-2.807570e-09	 7.818741e-09	
 1.458400e-07	-4.183962e-09	 8.068995e-09	
 1.458450e-07	-4.027937e-09	 7.914420e-09	
 1.458500e-07	-4.770446e-09	 8.143179e-09	
 1.458550e-07	-4.838793e-09	 7.751531e-09	
 1.458600e-07	-4.362416e-09	 8.366525e-09	
 1.458650e-07	-7.272635e-09	 7.514973e-09	
 1.458700e-07	-4.492862e-11	 8.228149e-09	
 1.458750e-07	 1.518275e-08	 7.606174e-09	
 1.458800e-07	-1.257395e-08	 7.735363e-09	
 1.458850e-07	-1.214735e-08	 7.847210e-09	
 1.458900e-07	-1.163604e-08	 7.837667e-09	
 1.458950e-07	-8.853240e-09	 7.919791e-09	
 1.459000e-07	-1.150804e-08	 7.931077e-09	
 1.459050e-07	-9.156235e-09	 8.264927e-09	
 1.459100e-07	-1.300408e-08	 8.340223e-09	
 1.459150e-07	-9.038902e-09	 8.784946e-09	
 1.459200e-07	-1.258250e-08	 8.287102e-09	
 1.459250e-07	-4.781373e-09	 9.128730e-09	
 1.459300e-07	-1.595652e-08	 8.016900e-09	
 1.459350e-07	-2.758848e-08	 9.130755e-09	
 1.459400e-07	-6.327706e-09	 8.723006e-09	
 1.459450e-07	-7.191099e-09	 8.650919e-09	
 1.459500e-07	-6.283675e-09	 8.679638e-09	
 1.459550e-07	-9.738427e-09	 8.650653e-09	
 1.459600e-07	-8.493349e-09	 8.934686e-09	
 1.459650e-07	-1.021663e-08	 8.465546e-09	
 1.459700e-07	-5.405271e-09	 8.833245e-09	
 1.459750e-07	-1.003921e-08	 8.363690e-09	
 1.459800e-07	-5.066307e-09	 9.225606e-09	
 1.459850e-07	 1.148158e-08	 8.300262e-09	
 1.459900e-07	-1.470598e-08	 8.655741e-09	
 1.459950e-07	-1.607959e-08	 8.715506e-09	
 1.460000e-07	-1.305799e-08	 8.680747e-09	
 1.460050e-07	-1.409828e-08	 8.739109e-09	
 1.460100e-07	-1.229079e-08	 8.518304e-09	
 1.460150e-07	-1.266450e-08	 8.925497e-09	
 1.460200e-07	-1.299420e-08	 8.596160e-09	
 1.460250e-07	-1.173402e-08	 9.025476e-09	
 1.460300e-07	-1.267491e-08	 8.228765e-09	
 1.460350e-07	-2.960935e-08	 9.154499e-09	
 1.460400e-07	-2.511601e-09	 8.764494e-09	
 1.460450e-07	 4.279799e-12	 8.702244e-09	
 1.460500e-07	-4.005027e-09	 8.733741e-09	
 1.460550e-07	-2.226803e-10	 8.668793e-09	
 1.460600e-07	-5.741155e-09	 8.911396e-09	
 1.460650e-07	 2.297865e-09	 8.731763e-09	
 1.460700e-07	-3.788189e-09	 9.109245e-09	
 1.460750e-07	 1.480390e-09	 8.755721e-09	
 1.460800e-07	-8.506772e-09	 9.320176e-09	
 1.460850e-07	 8.831581e-10	 8.853096e-09	
 1.460900e-07	-6.311067e-09	 9.525735e-09	
 1.460950e-07	 1.422974e-08	 8.932377e-09	
 1.461000e-07	 8.935632e-09	 9.392521e-09	
 1.461050e-07	 1.139475e-08	 9.357133e-09	
 1.461100e-07	 9.459491e-09	 9.324262e-09	
 1.461150e-07	 1.119468e-08	 9.426516e-09	
 1.461200e-07	 8.828453e-09	 9.272000e-09	
 1.461250e-07	 9.839643e-09	 9.592202e-09	
 1.461300e-07	 1.016138e-08	 9.185922e-09	
 1.461350e-07	 9.312089e-09	 9.668631e-09	
 1.461400e-07	 1.121293e-08	 8.859630e-09	
 1.461450e-07	-1.052409e-08	 9.096075e-09	
 1.461500e-07	-1.510418e-08	 9.039578e-09	
 1.461550e-07	-9.446290e-09	 8.975135e-09	
 1.461600e-07	-1.918333e-08	 8.954777e-09	
 1.461650e-07	-7.879283e-09	 8.843559e-09	
 1.461700e-07	-2.358612e-08	 9.023076e-09	
 1.461750e-07	-1.078936e-08	 8.852860e-09	
 1.461800e-07	-3.000928e-08	 8.942234e-09	
 1.461850e-07	-1.312124e-08	 8.722810e-09	
 1.461900e-07	-3.871345e-08	 8.892779e-09	
 1.461950e-07	-4.220029e-08	 8.078521e-09	
 1.462000e-07	-5.729316e-08	 9.139291e-09	
 1.462050e-07	-2.723258e-08	 8.555786e-09	
 1.462100e-07	-3.329726e-08	 9.413848e-09	
 1.462150e-07	-1.220319e-08	 8.854372e-09	
 1.462200e-07	-1.175871e-08	 8.799258e-09	
 1.462250e-07	-1.015059e-08	 8.851987e-09	
 1.462300e-07	-1.119700e-08	 8.560548e-09	
 1.462350e-07	-9.690320e-09	 9.073922e-09	
 1.462400e-07	-1.189901e-08	 8.322614e-09	
 1.462450e-07	-3.155053e-09	 8.462731e-09	
 1.462500e-07	-1.186373e-08	 7.978191e-09	
 1.462550e-07	-6.292430e-10	 8.916519e-09	
 1.462600e-07	 1.441959e-08	 7.989565e-09	
 1.462650e-07	 9.776687e-09	 8.791063e-09	
 1.462700e-07	 2.722846e-08	 8.134287e-09	
 1.462750e-07	 2.475871e-08	 8.021173e-09	
 1.462800e-07	 2.629246e-08	 8.047585e-09	
 1.462850e-07	 1.987824e-08	 7.992162e-09	
 1.462900e-07	 2.168504e-08	 8.282086e-09	
 1.462950e-07	 1.662648e-08	 7.757880e-09	
 1.463000e-07	 2.529231e-08	 8.130452e-09	
 1.463050e-07	 1.410423e-08	 7.565283e-09	
 1.463100e-07	 2.518521e-08	 8.485586e-09	
 1.463150e-07	 6.341673e-09	 7.284455e-09	
 1.463200e-07	 6.065874e-09	 8.444405e-09	
 1.463250e-07	 1.491040e-08	 7.508735e-09	
 1.463300e-07	 1.894532e-09	 8.308771e-09	
 1.463350e-07	 4.607517e-09	 8.425585e-09	
 1.463400e-07	 1.264963e-09	 8.389366e-09	
 1.463450e-07	 8.936175e-09	 8.427273e-09	
 1.463500e-07	 4.660363e-09	 8.150376e-09	
 1.463550e-07	 1.045143e-08	 8.617942e-09	
 1.463600e-07	-1.927223e-09	 8.262607e-09	
 1.463650e-07	 1.151392e-08	 9.093650e-09	
 1.463700e-07	-4.674948e-09	 7.846691e-09	
 1.463750e-07	-1.100344e-08	 9.053877e-09	
 1.463800e-07	 5.529654e-09	 8.564778e-09	
 1.463850e-07	 4.297244e-09	 8.478513e-09	
 1.463900e-07	 5.481078e-09	 8.502660e-09	
 1.463950e-07	 9.606614e-10	 8.453290e-09	
 1.464000e-07	 6.291370e-09	 8.442863e-09	
 1.464050e-07	 1.678640e-09	 8.092665e-09	
 1.464100e-07	 8.894315e-09	 8.321471e-09	
 1.464150e-07	 1.744179e-09	 7.874267e-09	
 1.464200e-07	 8.002900e-09	 8.705308e-09	
 1.464250e-07	-1.591513e-09	 7.596824e-09	
 1.464300e-07	-1.243888e-08	 8.797349e-09	
 1.464350e-07	 9.302900e-09	 8.326331e-09	
 1.464400e-07	 9.877074e-09	 8.282607e-09	
 1.464450e-07	 7.817757e-09	 8.323339e-09	
 1.464500e-07	 8.074101e-09	 8.285673e-09	
 1.464550e-07	 7.024146e-09	 8.324694e-09	
 1.464600e-07	 7.841769e-09	 8.162511e-09	
 1.464650e-07	 4.653723e-09	 8.550432e-09	
 1.464700e-07	 6.793566e-09	 7.961569e-09	
 1.464750e-07	 3.442388e-09	 8.440837e-09	
 1.464800e-07	 4.309662e-09	 7.737886e-09	
 1.464850e-07	 1.318970e-09	 8.315992e-09	
 1.464900e-07	 3.729417e-09	 7.492884e-09	
 1.464950e-07	 6.730428e-09	 8.427101e-09	
 1.465000e-07	 1.666570e-08	 7.707859e-09	
 1.465050e-07	 1.593792e-08	 7.647485e-09	
 1.465100e-07	 1.720912e-08	 7.696914e-09	
 1.465150e-07	 1.330542e-08	 7.664404e-09	
 1.465200e-07	 1.718924e-08	 7.872387e-09	
 1.465250e-07	 9.401467e-09	 7.734282e-09	
 1.465300e-07	 1.470596e-08	 8.137918e-09	
 1.465350e-07	 7.292242e-09	 7.479967e-09	
 1.465400e-07	 1.516904e-08	 8.293620e-09	
 1.465450e-07	 2.471352e-09	 7.273391e-09	
 1.465500e-07	 1.890548e-08	 8.387656e-09	
 1.465550e-07	 1.862094e-08	 7.445181e-09	
 1.465600e-07	 1.041426e-08	 7.990983e-09	
 1.465650e-07	 1.107637e-08	 8.028212e-09	
 1.465700e-07	 9.325436e-09	 7.990026e-09	
 1.465750e-07	 1.283261e-08	 7.998932e-09	
 1.465800e-07	 7.474663e-09	 7.988864e-09	
 1.465850e-07	 1.105180e-08	 8.195590e-09	
 1.465900e-07	 7.173580e-09	 7.797140e-09	
 1.465950e-07	 1.549216e-08	 8.076944e-09	
 1.466000e-07	 6.827132e-09	 7.363676e-09	
 1.466050e-07	 1.710220e-08	 8.367706e-09	
 1.466100e-07	 2.866360e-08	 7.339605e-09	
 1.466150e-07	 2.498069e-08	 8.047872e-09	
 1.466200e-07	 3.717346e-08	 7.472014e-09	
 1.466250e-07	 3.304562e-08	 7.350687e-09	
 1.466300e-07	 3.566758e-08	 7.356435e-09	
 1.466350e-07	 2.670747e-08	 7.313501e-09	
 1.466400e-07	 2.982997e-08	 7.497593e-09	
 1.466450e-07	 2.216829e-08	 7.144056e-09	
 1.466500e-07	 3.388856e-08	 7.363182e-09	
 1.466550e-07	 1.826485e-08	 6.811689e-09	
 1.466600e-07	 3.362601e-08	 7.537779e-09	
 1.466650e-07	 3.265156e-08	 6.965961e-09	
 1.466700e-07	 2.305609e-08	 7.196575e-09	
 1.466750e-07	 2.285982e-08	 7.246840e-09	
 1.466800e-07	 2.091163e-08	 7.226504e-09	
 1.466850e-07	 2.370375e-08	 7.255593e-09	
 1.466900e-07	 1.796567e-08	 7.264768e-09	
 1.466950e-07	 2.114663e-08	 7.458630e-09	
 1.467000e-07	 1.343572e-08	 7.341291e-09	
 1.467050e-07	 1.946920e-08	 7.783116e-09	
 1.467100e-07	 1.080457e-08	 7.059906e-09	
 1.467150e-07	 2.215531e-08	 8.009202e-09	
 1.467200e-07	 2.975244e-08	 7.140226e-09	
 1.467250e-07	 6.768378e-09	 7.815656e-09	
 1.467300e-07	 1.120821e-08	 7.363407e-09	
 1.467350e-07	 6.145079e-09	 7.329566e-09	
 1.467400e-07	 9.533683e-09	 7.333847e-09	
 1.467450e-07	 1.234448e-09	 7.378567e-09	
 1.467500e-07	 9.157236e-09	 7.331808e-09	
 1.467550e-07	 2.746671e-09	 7.035473e-09	
 1.467600e-07	 4.810376e-09	 7.639251e-09	
 1.467650e-07	-4.842572e-10	 7.189470e-09	
 1.467700e-07	 5.042157e-09	 7.885894e-09	
 1.467750e-07	-5.007197e-09	 7.088921e-09	
 1.467800e-07	-1.679724e-08	 7.826368e-09	
 1.467850e-07	 7.555267e-09	 7.431887e-09	
 1.467900e-07	 8.546160e-09	 7.406453e-09	
 1.467950e-07	 5.738736e-09	 7.451401e-09	
 1.468000e-07	 9.242062e-09	 7.446942e-09	
 1.468050e-07	 3.165365e-09	 7.491601e-09	
 1.468100e-07	 7.790160e-09	 7.663380e-09	
 1.468150e-07	 2.500663e-09	 7.929007e-09	
 1.468200e-07	 1.073389e-08	 7.690064e-09	
 1.468250e-07	-3.409834e-09	 8.212295e-09	
 1.468300e-07	 1.804307e-08	 7.906651e-09	
 1.468350e-07	-1.114365e-10	 8.284020e-09	
 1.468400e-07	-1.636924e-08	 7.228100e-09	
 1.468450e-07	-2.803548e-08	 8.363233e-09	
 1.468500e-07	-2.093195e-08	 6.962432e-09	
 1.468550e-07	-4.055765e-08	 7.687124e-09	
 1.468600e-07	-3.764226e-08	 7.840776e-09	
 1.468650e-07	-4.004636e-08	 7.819921e-09	
 1.468700e-07	-3.385842e-08	 8.119268e-09	
 1.468750e-07	-4.068197e-08	 8.004303e-09	
 1.468800e-07	-3.146409e-08	 8.476629e-09	
 1.468850e-07	-3.738303e-08	 7.840259e-09	
 1.468900e-07	-2.436900e-08	 8.734724e-09	
 1.468950e-07	-4.964709e-08	 8.086727e-09	
 1.469000e-07	-4.384014e-08	 8.738936e-09	
 1.469050e-07	-3.522136e-08	 8.079521e-09	
 1.469100e-07	-4.467398e-08	 8.721904e-09	
 1.469150e-07	-3.677152e-08	 8.855367e-09	
 1.469200e-07	-4.114352e-08	 8.864082e-09	
 1.469250e-07	-2.786889e-08	 8.876197e-09	
 1.469300e-07	-3.980141e-08	 8.962488e-09	
 1.469350e-07	-2.662044e-08	 9.208927e-09	
 1.469400e-07	-3.308415e-08	 8.690725e-09	
 1.469450e-07	-1.896756e-08	 9.329781e-09	
 1.469500e-07	-3.341799e-08	 8.503834e-09	
 1.469550e-07	-6.469550e-09	 9.343973e-09	
 1.469600e-07	-1.595708e-08	 8.677720e-09	
 1.469650e-07	-4.034571e-09	 8.874191e-09	
 1.469700e-07	 4.003821e-09	 8.850349e-09	
 1.469750e-07	-2.500079e-09	 8.867563e-09	
 1.469800e-07	 9.864174e-09	 8.756939e-09	
 1.469850e-07	-3.042890e-09	 8.836113e-09	
 1.469900e-07	 1.598587e-08	 8.638459e-09	
 1.469950e-07	 4.417289e-09	 8.290279e-09	
 1.470000e-07	 1.763024e-08	 8.805319e-09	
 1.470050e-07	 2.364326e-09	 8.019897e-09	
 1.470100e-07	 2.441551e-08	 8.821464e-09	
 1.470150e-07	-7.599748e-09	 7.903925e-09	
 1.470200e-07	 1.416256e-08	 8.531963e-09	
 1.470250e-07	-1.896316e-08	 8.212771e-09	
 1.470300e-07	-2.917270e-08	 8.139274e-09	
 1.470350e-07	-1.723858e-08	 8.078682e-09	
 1.470400e-07	-3.565146e-08	 8.156435e-09	
 1.470450e-07	-1.304114e-08	 7.981445e-09	
 1.470500e-07	-4.629486e-08	 8.249182e-09	
 1.470550e-07	 4.030736e-09	 7.804557e-09	
 1.470600e-07	-3.612921e-08	 7.309829e-09	
 1.470650e-07	 3.459177e-09	 8.323708e-09	
 1.470700e-07	-4.434717e-08	 7.248749e-09	
 1.470750e-07	-1.049680e-08	 8.171126e-09	
 1.470800e-07	-2.616948e-08	 8.398163e-09	
 1.470850e-07	-3.360541e-08	 8.321987e-09	
 1.470900e-07	-2.536913e-08	 8.257094e-09	
 1.470950e-07	-3.860131e-08	 8.294225e-09	
 1.471000e-07	-2.240339e-08	 8.162663e-09	
 1.471050e-07	-4.594496e-08	 8.341575e-09	
 1.471100e-07	-2.733024e-08	 8.749609e-09	
 1.471150e-07	-5.884107e-08	 8.518881e-09	
 1.471200e-07	-2.788038e-08	 9.225827e-09	
 1.471250e-07	-6.098327e-08	 8.036885e-09	
 1.471300e-07	-3.620500e-08	 9.083092e-09	
 1.471350e-07	-5.570048e-08	 8.177848e-09	
 1.471400e-07	-6.038681e-08	 8.258933e-09	
 1.471450e-07	-4.989103e-08	 8.458098e-09	
 1.471500e-07	-5.607800e-08	 8.535874e-09	
 1.471550e-07	-3.808101e-08	 8.589150e-09	
 1.471600e-07	-5.491718e-08	 8.757377e-09	
 1.471650e-07	-3.360605e-08	 8.974500e-09	
 1.471700e-07	-4.982404e-08	 8.719880e-09	
 1.471750e-07	-2.080907e-08	 9.200185e-09	
 1.471800e-07	-7.088765e-08	 8.810541e-09	
 1.471850e-07	-9.242271e-09	 8.732877e-09	
 1.471900e-07	 6.725983e-09	 8.787764e-09	
 1.471950e-07	-7.656056e-09	 8.936466e-09	
 1.472000e-07	 1.766879e-08	 8.782238e-09	
 1.472050e-07	-1.595414e-08	 9.124610e-09	
 1.472100e-07	 3.902291e-08	 8.444354e-09	
 1.472150e-07	-2.134499e-10	 7.978220e-09	
 1.472200e-07	 3.875925e-08	 9.031582e-09	
 1.472250e-07	-6.643062e-09	 7.729804e-09	
 1.472300e-07	 2.817417e-08	 8.937746e-09	
 1.472350e-07	 2.940948e-08	 8.680301e-09	
 1.472400e-07	 2.036459e-08	 8.478179e-09	
 1.472450e-07	 2.807661e-08	 8.424762e-09	
 1.472500e-07	 1.037981e-08	 8.367029e-09	
 1.472550e-07	 2.990807e-08	 8.212968e-09	
 1.472600e-07	-3.822403e-09	 8.347601e-09	
 1.472650e-07	 2.227886e-08	 8.630801e-09	
 1.472700e-07	-1.038857e-08	 8.058592e-09	
 1.472750e-07	 2.820508e-08	 8.793281e-09	
 1.472800e-07	-5.032310e-08	 8.115031e-09	
 1.472850e-07	 1.117136e-08	 7.231690e-09	
 1.472900e-07	-6.533517e-08	 8.699049e-09	
 1.472950e-07	-5.847139e-08	 8.301574e-09	
 1.473000e-07	-5.416470e-08	 7.900003e-09	
 1.473050e-07	-5.168001e-08	 8.666835e-09	
 1.473100e-07	-1.244167e-08	 8.221322e-09	
 1.473150e-07	-4.147452e-08	 8.974454e-09	
 1.473200e-07	 1.497605e-08	 8.611236e-09	
 1.473250e-07	-3.209756e-08	 9.430812e-09	
 1.473300e-07	 3.961973e-08	 8.564044e-09	
 1.473350e-07	-2.513337e-08	 9.732074e-09	
 1.473400e-07	 6.522359e-08	 8.455949e-09	
 1.473450e-07	-2.358542e-08	 1.005860e-08	
 1.473500e-07	 9.300678e-08	 8.200876e-09	
 1.473550e-07	-2.834473e-08	 1.036122e-08	
 1.473600e-07	 1.250566e-07	 7.644419e-09	
 1.473650e-07	-1.921859e-08	 5.167526e-09	
 1.473700e-07	-1.256308e-08	 5.718524e-09	
 1.473750e-07	-2.281675e-09	 5.647039e-09	
 1.473800e-07	-2.377179e-09	 6.271922e-09	
 1.473850e-07	 4.834818e-09	 6.049432e-09	
 1.473900e-07	 7.816315e-09	 6.203288e-09	
 1.473950e-07	 2.247689e-08	 6.445669e-09	
 1.474000e-07	-8.647691e-10	 6.459872e-09	
 1.474050e-07	-8.937469e-09	 6.541585e-09	
 1.474100e-07	 7.325657e-09	 6.568747e-09	
 1.474150e-07	 6.643180e-09	 6.648771e-09	
 1.474200e-07	 1.251265e-08	 6.719528e-09	
 1.474250e-07	 1.345428e-10	 6.792469e-09	
 1.474300e-07	 1.973377e-08	 6.771624e-09	
 1.474350e-07	 1.868237e-08	 6.817053e-09	
 1.474400e-07	 2.183504e-08	 6.871448e-09	
 1.474450e-07	 1.255462e-08	 6.919151e-09	
 1.474500e-07	 2.651742e-08	 6.884425e-09	
 1.474550e-07	 3.629298e-10	 6.689134e-09	
 1.474600e-07	 2.248392e-08	 7.230783e-09	
 1.474650e-07	-1.909172e-08	 6.965254e-09	
 1.474700e-07	 2.708026e-08	 6.768825e-09	
 1.474750e-07	-3.443340e-08	 7.552810e-09	
 1.474800e-07	 2.764061e-09	 7.766510e-09	
 1.474850e-07	-7.415564e-09	 7.670741e-09	
 1.474900e-07	-2.462278e-08	 7.228953e-09	
 1.474950e-07	-1.752309e-08	 7.292226e-09	
 1.475000e-07	-2.800733e-08	 7.341932e-09	
 1.475050e-07	-3.391326e-08	 7.486437e-09	
 1.475100e-07	-3.126934e-08	 7.403139e-09	
 1.475150e-07	-3.526191e-08	 7.687104e-09	
 1.475200e-07	-3.543349e-08	 7.314965e-09	
 1.475250e-07	-2.797873e-08	 7.435444e-09	
 1.475300e-07	-2.527628e-08	 7.670316e-09	
 1.475350e-07	-3.037883e-08	 7.718904e-09	
 1.475400e-07	-3.005418e-08	 7.924947e-09	
 1.475450e-07	-2.967979e-08	 7.981448e-09	
 1.475500e-07	-2.839586e-08	 8.139826e-09	
 1.475550e-07	-3.022808e-08	 8.195160e-09	
 1.475600e-07	-2.526199e-08	 8.327505e-09	
 1.475650e-07	-3.272451e-08	 8.249464e-09	
 1.475700e-07	-1.328212e-08	 8.471978e-09	
 1.475750e-07	-4.039790e-08	 8.349065e-09	
 1.475800e-07	-7.449287e-10	 8.369168e-09	
 1.475850e-07	 7.841301e-09	 8.448373e-09	
 1.475900e-07	-1.469354e-09	 8.534452e-09	
 1.475950e-07	 1.162724e-08	 8.469015e-09	
 1.476000e-07	-6.503055e-09	 8.690748e-09	
 1.476050e-07	 2.045981e-08	 8.434110e-09	
 1.476100e-07	-1.366792e-09	 8.660229e-09	
 1.476150e-07	 1.772102e-08	 8.690584e-09	
 1.476200e-07	 2.170257e-08	 8.747308e-09	
 1.476250e-07	 1.669637e-08	 8.790609e-09	
 1.476300e-07	 2.278547e-08	 8.764780e-09	
 1.476350e-07	 1.507984e-08	 8.860099e-09	
 1.476400e-07	 2.185909e-08	 8.766911e-09	
 1.476450e-07	 1.299558e-08	 9.157322e-09	
 1.476500e-07	 2.229570e-08	 8.884117e-09	
 1.476550e-07	 1.035456e-08	 9.190045e-09	
 1.476600e-07	 2.443180e-08	 8.681454e-09	
 1.476650e-07	 5.734308e-09	 9.076458e-09	
 1.476700e-07	 2.638999e-08	 8.773466e-09	
 1.476750e-07	 3.056350e-08	 8.778525e-09	
 1.476800e-07	 2.479014e-08	 8.819472e-09	
 1.476850e-07	 2.902223e-08	 8.654564e-09	
 1.476900e-07	 2.197380e-08	 8.802674e-09	
 1.476950e-07	 2.954984e-08	 8.623740e-09	
 1.477000e-07	 1.915019e-08	 8.874984e-09	
 1.477050e-07	 3.077549e-08	 8.410995e-09	
 1.477100e-07	 1.474796e-08	 8.779419e-09	
 1.477150e-07	 3.325868e-08	 8.432826e-09	
 1.477200e-07	 7.472531e-09	 8.726934e-09	
 1.477250e-07	 3.683474e-08	 8.479736e-09	
 1.477300e-07	 4.125671e-08	 8.458466e-09	
 1.477350e-07	 3.477541e-08	 8.505049e-09	
 1.477400e-07	 3.971780e-08	 8.320613e-09	
 1.477450e-07	 3.126993e-08	 8.473351e-09	
 1.477500e-07	 3.940874e-08	 8.278952e-09	
 1.477550e-07	 2.742660e-08	 8.505862e-09	
 1.477600e-07	 4.105902e-08	 8.030872e-09	
 1.477650e-07	 2.108505e-08	 8.362602e-09	
 1.477700e-07	 4.493670e-08	 8.053986e-09	
 1.477750e-07	 1.352711e-08	 8.251015e-09	
 1.477800e-07	 5.038628e-09	 8.217558e-09	
 1.477850e-07	 1.314359e-08	 8.136828e-09	
 1.477900e-07	 2.955435e-09	 8.285937e-09	
 1.477950e-07	 1.311592e-08	 8.315368e-09	
 1.478000e-07	 1.330129e-08	 8.315072e-09	
 1.478050e-07	 1.064208e-08	 8.304195e-09	
 1.478100e-07	 1.361845e-08	 8.314708e-09	
 1.478150e-07	 6.585771e-09	 8.303110e-09	
 1.478200e-07	 1.196803e-08	 8.115745e-09	
 1.478250e-07	 2.836116e-09	 8.034114e-09	
 1.478300e-07	 1.239320e-08	 7.905760e-09	
 1.478350e-07	-1.011808e-09	 8.409448e-09	
 1.478400e-07	 1.467722e-08	 8.007193e-09	
 1.478450e-07	-5.653853e-09	 8.451625e-09	
 1.478500e-07	 2.003736e-08	 8.060074e-09	
 1.478550e-07	-1.432069e-08	 8.467413e-09	
 1.478600e-07	 2.692558e-08	 8.185328e-09	
 1.478650e-07	 3.530701e-08	 8.220153e-09	
 1.478700e-07	 2.547020e-08	 8.316577e-09	
 1.478750e-07	 3.502231e-08	 8.101795e-09	
 1.478800e-07	 2.211128e-08	 8.030472e-09	
 1.478850e-07	 3.696064e-08	 7.935930e-09	
 1.478900e-07	 1.847415e-08	 8.140247e-09	
 1.478950e-07	 4.150882e-08	 7.900841e-09	
 1.479000e-07	 9.533839e-09	 8.122229e-09	
 1.479050e-07	 5.216480e-08	 7.945181e-09	
 1.479100e-07	-2.465426e-09	 7.993723e-09	
 1.479150e-07	-1.589912e-08	 7.958400e-09	
 1.479200e-07	-2.134305e-09	 7.849407e-09	
 1.479250e-07	-1.904630e-08	 8.086188e-09	
 1.479300e-07	-3.978678e-09	 7.966774e-09	
 1.479350e-07	-2.594243e-08	 8.095798e-09	
 1.479400e-07	-2.102786e-09	 8.058765e-09	
 1.479450e-07	 3.657148e-09	 8.129707e-09	
 1.479500e-07	-4.043004e-09	 8.171731e-09	
 1.479550e-07	-5.043703e-09	 8.220027e-09	
 1.479600e-07	-2.901095e-09	 8.237692e-09	
 1.479650e-07	-2.219526e-09	 8.278269e-09	
 1.479700e-07	-3.079250e-09	 8.290821e-09	
 1.479750e-07	-2.811083e-09	 8.327940e-09	
 1.479800e-07	-2.867402e-09	 8.339502e-09	
 1.479850e-07	-2.457091e-09	 8.371893e-09	
 1.479900e-07	-2.722507e-09	 8.382044e-09	
 1.479950e-07	-2.340998e-09	 8.410843e-09	
 1.480000e-07	-2.583578e-09	 8.418167e-09	
 1.480050e-07	-2.195055e-09	 8.442981e-09	
 1.480100e-07	-2.376199e-09	 8.450867e-09	
 1.480150e-07	-1.969785e-09	 8.472172e-09	
 1.480200e-07	-2.158552e-09	 8.479116e-09	
 1.480250e-07	-1.775170e-09	 8.497407e-09	
 1.480300e-07	-1.988594e-09	 8.502235e-09	
 1.480350e-07	-1.626193e-09	 8.517380e-09	
 1.480400e-07	-1.747313e-09	 8.522570e-09	
 1.480450e-07	-1.389802e-09	 8.535037e-09	
 1.480500e-07	-1.577860e-09	 8.538485e-09	
 1.480550e-07	-1.254965e-09	 8.548370e-09	
 1.480600e-07	-1.363318e-09	 8.551649e-09	
 1.480650e-07	-1.041633e-09	 8.559201e-09	
 1.480700e-07	-1.176608e-09	 8.561632e-09	
 1.480750e-07	-8.842634e-10	 8.567524e-09	
 1.480800e-07	-1.031672e-09	 8.568947e-09	
 1.480850e-07	-7.626957e-10	 8.573104e-09	
 1.480900e-07	-8.558764e-10	 8.574276e-09	
 1.480950e-07	-5.914940e-10	 8.576821e-09	
 1.481000e-07	-7.023202e-10	 8.577455e-09	
 1.481050e-07	-4.596814e-10	 8.578748e-09	
 1.481100e-07	-5.569480e-10	 8.578906e-09	
 1.481150e-07	-3.307585e-10	 8.579046e-09	
 1.481200e-07	-4.226722e-10	 8.578819e-09	
 1.481250e-07	-1.910005e-11	 8.577204e-09	
 1.481300e-07	-4.274272e-10	 8.577203e-09	
 1.481350e-07	-2.658862e-10	 8.576786e-09	
 1.481400e-07	-2.951055e-10	 8.576245e-09	
 1.481450e-07	 6.987522e-12	 8.574755e-09	
 1.481500e-07	-3.496113e-10	 8.574247e-09	
 1.481550e-07	 5.631927e-10	 8.570813e-09	
 1.481600e-07	-8.846613e-10	 8.571324e-09	
 1.481650e-07	-8.334381e-10	 8.575483e-09	
 1.481700e-07	-5.668240e-10	 8.575529e-09	
 1.481750e-07	-2.733540e-10	 8.575732e-09	
 1.481800e-07	-4.636540e-10	 8.575810e-09	
 1.481850e-07	-2.532560e-10	 8.575660e-09	
 1.481900e-07	-3.546200e-10	 8.575342e-09	
 1.481950e-07	 1.003144e-10	 8.573783e-09	
 1.482000e-07	-4.485439e-10	 8.573889e-09	
 1.482050e-07	-3.083270e-10	 8.574048e-09	
 1.482100e-07	-2.629039e-10	 8.573417e-09	
 1.482150e-07	-8.634404e-11	 8.572491e-09	
 1.482200e-07	-1.874140e-10	 8.571554e-09	
 1.482250e-07	 2.376405e-10	 8.569405e-09	
 1.482300e-07	-3.749966e-10	 8.568934e-09	
 1.482350e-07	 1.018268e-09	 8.564190e-09	
 1.482400e-07	-1.593590e-09	 8.565626e-09	
 1.482450e-07	 2.381942e-09	 8.523636e-09	
 1.482500e-07	-2.825700e-09	 8.615000e-09	
 1.482550e-07	 3.163598e-09	 8.810685e-09	
 1.482600e-07	-1.275065e-09	 8.925312e-09	
 1.482650e-07	 2.972268e-09	 8.406017e-09	
 1.482700e-07	-9.088964e-10	 8.916290e-09	
 1.482750e-07	 5.236378e-09	 8.079742e-09	
 1.482800e-07	-2.614513e-09	 8.716528e-09	
 1.482850e-07	 2.853148e-09	 8.030475e-09	
 1.482900e-07	-1.986565e-09	 9.040754e-09	
 1.482950e-07	 4.825166e-09	 8.166955e-09	
 1.483000e-07	-5.855909e-09	 9.316543e-09	
 1.483050e-07	 1.063828e-08	 8.554458e-09	
 1.483100e-07	 1.633018e-08	 8.557262e-09	
 1.483150e-07	 1.148643e-08	 8.654207e-09	
 1.483200e-07	 1.954115e-08	 8.586588e-09	
 1.483250e-07	 1.321798e-08	 8.671247e-09	
 1.483300e-07	 2.032113e-08	 8.458303e-09	
 1.483350e-07	 1.142369e-08	 8.775637e-09	
 1.483400e-07	 2.267789e-08	 8.539298e-09	
 1.483450e-07	 6.196624e-09	 8.901426e-09	
 1.483500e-07	 2.885220e-08	 8.696758e-09	
 1.483550e-07	-2.037384e-09	 8.673525e-09	
 1.483600e-07	-1.040826e-08	 8.615712e-09	
 1.483650e-07	-2.192283e-09	 8.533869e-09	
 1.483700e-07	-1.646051e-08	 8.595508e-09	
 1.483750e-07	-3.891070e-09	 8.369574e-09	
 1.483800e-07	-1.967730e-08	 8.487800e-09	
 1.483850e-07	-1.684168e-09	 8.356415e-09	
 1.483900e-07	-2.644731e-08	 8.444925e-09	
 1.483950e-07	 3.941769e-09	 8.409099e-09	
 1.484000e-07	 1.108894e-08	 8.426611e-09	
 1.484050e-07	 3.032305e-09	 8.477738e-09	
 1.484100e-07	 1.648071e-08	 8.406175e-09	
 1.484150e-07	 3.072034e-09	 8.668845e-09	
 1.484200e-07	 1.987988e-08	 8.496234e-09	
 1.484250e-07	-1.225562e-09	 8.618706e-09	
 1.484300e-07	 2.683907e-08	 8.513155e-09	
 1.484350e-07	-7.676714e-09	 8.518854e-09	
 1.484400e-07	-1.551251e-08	 8.482366e-09	
 1.484450e-07	-7.033330e-09	 8.411159e-09	
 1.484500e-07	-1.692564e-08	 8.539128e-09	
 1.484550e-07	-2.699429e-09	 8.582573e-09	
 1.484600e-07	-2.013574e-08	 8.785283e-09	
 1.484650e-07	-4.218249e-10	 8.622080e-09	
 1.484700e-07	-2.600561e-08	 8.777700e-09	
 1.484750e-07	 7.552658e-09	 8.642922e-09	
 1.484800e-07	-3.335214e-08	 8.696442e-09	
 1.484850e-07	-4.189820e-08	 8.684820e-09	
 1.484900e-07	-3.261765e-08	 8.600889e-09	
 1.484950e-07	-4.189653e-08	 8.790070e-09	
 1.485000e-07	-2.831267e-08	 8.831940e-09	
 1.485050e-07	-4.342632e-08	 9.113088e-09	
 1.485100e-07	-2.551992e-08	 8.899618e-09	
 1.485150e-07	-4.712991e-08	 9.156490e-09	
 1.485200e-07	-1.762638e-08	 8.954092e-09	
 1.485250e-07	-5.504710e-08	 9.164243e-09	
 1.485300e-07	-6.559675e-09	 9.078890e-09	
 1.485350e-07	 5.633352e-09	 9.120589e-09	
 1.485400e-07	-6.549513e-09	 9.224818e-09	
 1.485450e-07	 8.054318e-09	 9.018394e-09	
 1.485500e-07	-9.328521e-09	 8.920708e-09	
 1.485550e-07	 1.309151e-08	 8.888583e-09	
 1.485600e-07	-1.123740e-08	 8.980136e-09	
 1.485650e-07	 2.275614e-08	 8.848939e-09	
 1.485700e-07	-2.084157e-08	 8.901976e-09	
 1.485750e-07	 1.812409e-08	 8.521784e-09	
 1.485800e-07	 1.364737e-08	 9.756009e-09	
 1.485850e-07	 2.833117e-08	 8.054045e-09	
 1.485900e-07	 3.704448e-08	 9.900251e-09	
 1.485950e-07	 3.886147e-08	 7.839946e-09	
 1.486000e-07	 5.598097e-08	 1.039519e-08	
 1.486050e-07	 4.793391e-08	 7.914955e-09	
 1.486100e-07	 6.857851e-08	 1.010274e-08	
 1.486150e-07	 5.373529e-08	 9.767737e-09	
 1.486200e-07	 6.459945e-08	 9.509653e-09	
 1.486250e-07	 3.579893e-08	 9.360075e-09	
 1.486300e-07	 6.499336e-08	 9.134313e-09	
 1.486350e-07	 1.609295e-08	 9.157709e-09	
 1.486400e-07	 7.241546e-08	 8.642064e-09	
 1.486450e-07	-1.598942e-08	 9.209543e-09	
 1.486500e-07	 5.211041e-08	 9.817814e-09	
 1.486550e-07	 2.989165e-08	 8.884463e-09	
 1.486600e-07	 1.766116e-08	 8.711824e-09	
 1.486650e-07	 2.002812e-08	 8.700066e-09	
 1.486700e-07	 1.579122e-08	 8.659599e-09	
 1.486750e-07	 2.427171e-08	 8.637635e-09	
 1.486800e-07	 1.198533e-08	 8.635766e-09	
 1.486850e-07	 2.142943e-08	 8.953275e-09	
 1.486900e-07	 4.554095e-09	 8.686528e-09	
 1.486950e-07	 2.219152e-08	 9.177117e-09	
 1.487000e-07	-3.261365e-10	 8.219303e-09	
 1.487050e-07	 3.256716e-08	 9.272857e-09	
 1.487100e-07	 1.518499e-08	 8.357378e-09	
 1.487150e-07	 2.726537e-08	 8.752484e-09	
 1.487200e-07	 3.647004e-08	 8.781170e-09	
 1.487250e-07	 2.690646e-08	 8.793377e-09	
 1.487300e-07	 4.293635e-08	 8.685520e-09	
 1.487350e-07	 2.345751e-08	 8.781997e-09	
 1.487400e-07	 4.986640e-08	 8.534751e-09	
 1.487450e-07	 1.285440e-08	 8.799787e-09	
 1.487500e-07	 4.229135e-08	 9.173728e-09	
 1.487550e-07	 1.237743e-08	 8.177837e-09	
 1.487600e-07	 4.918193e-08	 9.171214e-09	
 1.487650e-07	 2.434309e-08	 8.159226e-09	
 1.487700e-07	 4.631738e-08	 8.748611e-09	
 1.487750e-07	 3.779714e-08	 9.049250e-09	
 1.487800e-07	 2.575096e-08	 8.798196e-09	
 1.487850e-07	 3.604305e-08	 8.661758e-09	
 1.487900e-07	 1.396717e-08	 8.588618e-09	
 1.487950e-07	 3.773292e-08	 8.333103e-09	
 1.488000e-07	 1.267536e-08	 7.995468e-09	
 1.488050e-07	 3.489177e-08	 8.298089e-09	
 1.488100e-07	 1.018473e-09	 7.663799e-09	
 1.488150e-07	 6.159451e-08	 8.107865e-09	
 1.488200e-07	-1.343021e-08	 8.141066e-09	
 1.488250e-07	-2.947557e-08	 8.053565e-09	
 1.488300e-07	-1.368155e-08	 7.865965e-09	
 1.488350e-07	-3.851180e-08	 8.015773e-09	
 1.488400e-07	-4.794815e-09	 7.631175e-09	
 1.488450e-07	-5.729781e-08	 8.300703e-09	
 1.488500e-07	-2.237028e-08	 8.560608e-09	
 1.488550e-07	-1.399546e-08	 8.506913e-09	
 1.488600e-07	-2.390600e-08	 8.504974e-09	
 1.488650e-07	-9.702490e-09	 8.371670e-09	
 1.488700e-07	-2.814847e-08	 8.494246e-09	
 1.488750e-07	-1.273309e-08	 8.703330e-09	
 1.488800e-07	-2.550943e-08	 8.073002e-09	
 1.488850e-07	-7.825515e-09	 8.767143e-09	
 1.488900e-07	-2.958965e-08	 7.889444e-09	
 1.488950e-07	 3.916649e-09	 8.718200e-09	
 1.489000e-07	-5.578597e-08	 8.140028e-09	
 1.489050e-07	-6.560475e-08	 8.093820e-09	
 1.489100e-07	-5.234160e-08	 8.027525e-09	
 1.489150e-07	-6.810339e-08	 8.142126e-09	
 1.489200e-07	-4.672773e-08	 7.964757e-09	
 1.489250e-07	-7.121269e-08	 8.224386e-09	
 1.489300e-07	-5.171565e-08	 8.522288e-09	
 1.489350e-07	-6.619896e-08	 7.921886e-09	
 1.489400e-07	-4.474788e-08	 8.679424e-09	
 1.489450e-07	-6.859491e-08	 7.881827e-09	
 1.489500e-07	-3.058775e-08	 8.726454e-09	
 1.489550e-07	-1.020839e-07	 8.081462e-09	
 1.489600e-07	-4.005836e-08	 7.370215e-09	
 1.489650e-07	-1.123219e-07	 8.757393e-09	
 1.489700e-07	-4.630934e-08	 6.103279e-09	
 1.489750e-07	-6.440913e-08	 6.249575e-09	
 1.489800e-07	-7.046846e-08	 6.331424e-09	
 1.489850e-07	-6.351886e-08	 6.469093e-09	
 1.489900e-07	-7.396781e-08	 6.644162e-09	
 1.489950e-07	-5.740371e-08	 6.412058e-09	
 1.490000e-07	-6.819459e-08	 6.310797e-09	
 1.490050e-07	-5.720032e-08	 7.199174e-09	
 1.490100e-07	-6.893419e-08	 6.242230e-09	
 1.490150e-07	-4.926273e-08	 7.835834e-09	
 1.490200e-07	-4.793531e-08	 6.497422e-09	
 1.490250e-07	-5.180534e-08	 8.018561e-09	
 1.490300e-07	-4.065591e-08	 7.427629e-09	
 1.490350e-07	-4.056262e-08	 7.495353e-09	
 1.490400e-07	-3.966070e-08	 7.588511e-09	
 1.490450e-07	-4.030969e-08	 7.651834e-09	
 1.490500e-07	-3.702188e-08	 7.558966e-09	
 1.490550e-07	-3.586088e-08	 7.406200e-09	
 1.490600e-07	-3.527419e-08	 7.728812e-09	
 1.490650e-07	-3.335035e-08	 7.387054e-09	
 1.490700e-07	-3.300087e-08	 8.022330e-09	
 1.490750e-07	-3.257501e-08	 7.256784e-09	
 1.490800e-07	-2.813592e-08	 7.941581e-09	
 1.490850e-07	-3.232379e-08	 7.129946e-09	
 1.490900e-07	-4.170369e-08	 7.991887e-09	
 1.490950e-07	-3.913618e-08	 7.394125e-09	
 1.491000e-07	-3.852243e-08	 7.431636e-09	
 1.491050e-07	-3.831677e-08	 7.488313e-09	
 1.491100e-07	-3.687901e-08	 7.537372e-09	
 1.491150e-07	-3.697312e-08	 7.594100e-09	
 1.491200e-07	-3.326146e-08	 7.456242e-09	
 1.491250e-07	-3.603630e-08	 7.658074e-09	
 1.491300e-07	-2.738536e-08	 7.510461e-09	
 1.491350e-07	-3.384275e-08	 8.011986e-09	
 1.491400e-07	-2.024717e-08	 7.712020e-09	
 1.491450e-07	-3.038804e-08	 8.126280e-09	
 1.491500e-07	-4.473691e-08	 6.966939e-09	
 1.491550e-07	-5.103537e-08	 8.237454e-09	
 1.491600e-07	-4.731419e-08	 7.347162e-09	
 1.491650e-07	-6.153843e-08	 8.306866e-09	
 1.491700e-07	-3.455394e-08	 8.003187e-09	
 1.491750e-07	-3.092388e-08	 8.030936e-09	
 1.491800e-07	-3.357571e-08	 8.107042e-09	
 1.491850e-07	-2.905189e-08	 7.939046e-09	
 1.491900e-07	-3.198767e-08	 7.921385e-09	
 1.491950e-07	-2.628748e-08	 7.764570e-09	
 1.492000e-07	-2.983570e-08	 7.958576e-09	
 1.492050e-07	-1.999491e-08	 7.656797e-09	
 1.492100e-07	-2.795892e-08	 7.908423e-09	
 1.492150e-07	-1.003344e-08	 7.529808e-09	
 1.492200e-07	 6.325898e-09	 8.394713e-09	
 1.492250e-07	 1.575115e-08	 7.621938e-09	
 1.492300e-07	 2.016688e-08	 8.590346e-09	
 1.492350e-07	 3.214037e-08	 7.704795e-09	
 1.492400e-07	 3.220885e-08	 8.293966e-09	
 1.492450e-07	 3.631539e-08	 8.254517e-09	
 1.492500e-07	 3.135536e-08	 8.225244e-09	
 1.492550e-07	 3.445032e-08	 8.355170e-09	
 1.492600e-07	 2.977544e-08	 8.182049e-09	
 1.492650e-07	 3.135375e-08	 8.301671e-09	
 1.492700e-07	 2.999313e-08	 7.782168e-09	
 1.492750e-07	 2.963006e-08	 8.335268e-09	
 1.492800e-07	 2.825274e-08	 7.771670e-09	
 1.492850e-07	 3.138962e-08	 8.539629e-09	
 1.492900e-07	 4.016011e-08	 7.863711e-09	
 1.492950e-07	 1.922178e-08	 8.175925e-09	
 1.493000e-07	 1.616139e-08	 8.135348e-09	
 1.493050e-07	 1.809471e-08	 8.057096e-09	
 1.493100e-07	 1.469159e-08	 8.047773e-09	
 1.493150e-07	 1.676033e-08	 7.881013e-09	
 1.493200e-07	 1.276915e-08	 8.122510e-09	
 1.493250e-07	 1.624976e-08	 7.616997e-09	
 1.493300e-07	 8.117863e-09	 7.903088e-09	
 1.493350e-07	 1.340802e-08	 7.310303e-09	
 1.493400e-07	 2.958424e-09	 7.697390e-09	
 1.493450e-07	-8.006696e-10	 6.909955e-09	
 1.493500e-07	-1.470834e-08	 7.365159e-09	
 1.493550e-07	-1.473059e-08	 7.445253e-09	
 1.493600e-07	-1.500906e-08	 7.420726e-09	
 1.493650e-07	-1.285888e-08	 7.485531e-09	
 1.493700e-07	-1.696466e-08	 7.468414e-09	
 1.493750e-07	-1.419717e-08	 7.810939e-09	
 1.493800e-07	-1.701470e-08	 7.281659e-09	
 1.493850e-07	-8.601093e-09	 7.749927e-09	
 1.493900e-07	-1.555726e-08	 7.228811e-09	
 1.493950e-07	-5.301972e-09	 8.161929e-09	
 1.494000e-07	-1.916364e-08	 7.003599e-09	
 1.494050e-07	-2.155700e-08	 8.220800e-09	
 1.494100e-07	-9.975261e-09	 7.183447e-09	
 1.494150e-07	-2.456023e-08	 7.700984e-09	
 1.494200e-07	-2.160824e-08	 7.836381e-09	
 1.494250e-07	-2.422376e-08	 7.816366e-09	
 1.494300e-07	-1.619928e-08	 7.896420e-09	
 1.494350e-07	-1.841938e-08	 7.691201e-09	
 1.494400e-07	-1.311087e-08	 8.068164e-09	
 1.494450e-07	-2.037442e-08	 7.874879e-09	
 1.494500e-07	-1.072927e-08	 8.452317e-09	
 1.494550e-07	-1.965732e-08	 7.647977e-09	
 1.494600e-07	-4.008153e-09	 8.719549e-09	
 1.494650e-07	-2.504496e-08	 7.482312e-09	
 1.494700e-07	-2.193384e-08	 8.528120e-09	
 1.494750e-07	-1.825226e-08	 8.059443e-09	
 1.494800e-07	-2.143505e-08	 8.028267e-09	
 1.494850e-07	-1.670305e-08	 8.057646e-09	
 1.494900e-07	-2.480582e-08	 8.087630e-09	
 1.494950e-07	-1.388858e-08	 8.057127e-09	
 1.495000e-07	-2.134889e-08	 7.802894e-09	
 1.495050e-07	-1.421969e-08	 8.311730e-09	
 1.495100e-07	-2.278445e-08	 7.690858e-09	
 1.495150e-07	-1.020822e-08	 8.499753e-09	
 1.495200e-07	-2.749855e-08	 7.652662e-09	
 1.495250e-07	-2.820618e-08	 8.279836e-09	
 1.495300e-07	-1.565951e-08	 8.170260e-09	
 1.495350e-07	-1.636865e-08	 8.169539e-09	
 1.495400e-07	-1.513544e-08	 8.194509e-09	
 1.495450e-07	-1.795390e-08	 8.210954e-09	
 1.495500e-07	-1.265958e-08	 8.238407e-09	
 1.495550e-07	-1.963737e-08	 8.289841e-09	
 1.495600e-07	-1.528560e-08	 8.489043e-09	
 1.495650e-07	-1.867664e-08	 8.212560e-09	
 1.495700e-07	-1.367029e-08	 8.642690e-09	
 1.495750e-07	-1.928242e-08	 8.163083e-09	
 1.495800e-07	-1.048215e-08	 8.744099e-09	
 1.495850e-07	-2.143969e-08	 8.143671e-09	
 1.495900e-07	-2.354768e-08	 8.275287e-09	
 1.495950e-07	-2.162138e-08	 8.315643e-09	
 1.496000e-07	-2.359410e-08	 8.309607e-09	
 1.496050e-07	-1.815641e-08	 8.334742e-09	
 1.496100e-07	-2.374907e-08	 8.378513e-09	
 1.496150e-07	-1.788380e-08	 8.508383e-09	
 1.496200e-07	-2.532581e-08	 8.469705e-09	
 1.496250e-07	-1.617048e-08	 8.719972e-09	
 1.496300e-07	-2.424009e-08	 8.369608e-09	
 1.496350e-07	-9.884074e-09	 8.807576e-09	
 1.496400e-07	 7.248295e-10	 8.747702e-09	
 1.496450e-07	 4.106654e-10	 8.707704e-09	
 1.496500e-07	 9.243079e-10	 8.717598e-09	
 1.496550e-07	-1.245148e-09	 8.693496e-09	
 1.496600e-07	 3.137417e-09	 8.699407e-09	
 1.496650e-07	-3.566687e-09	 8.707023e-09	
 1.496700e-07	 1.688810e-09	 8.647103e-09	
 1.496750e-07	-3.575248e-09	 8.576554e-09	
 1.496800e-07	 5.426642e-09	 8.568697e-09	
 1.496850e-07	-9.607057e-09	 8.612174e-09	
 1.496900e-07	 4.573046e-09	 8.765143e-09	
 1.496950e-07	-1.356083e-08	 8.691229e-09	
 1.497000e-07	-6.799154e-09	 8.438796e-09	
 1.497050e-07	 1.872267e-09	 9.098024e-09	
 1.497100e-07	 1.655539e-09	 8.923362e-09	
 1.497150e-07	 1.867668e-08	 9.062564e-09	
 1.497200e-07	 1.555592e-08	 8.955999e-09	
 1.497250e-07	 1.829143e-08	 8.925201e-09	
 1.497300e-07	 1.061638e-08	 8.873401e-09	
 1.497350e-07	 1.343469e-08	 9.135836e-09	
 1.497400e-07	 8.197034e-09	 8.586332e-09	
 1.497450e-07	 1.790044e-08	 8.939341e-09	
 1.497500e-07	 6.088769e-09	 8.342801e-09	
 1.497550e-07	 1.878850e-08	 9.253102e-09	
 1.497600e-07	 2.524037e-08	 8.314481e-09	
 1.497650e-07	 6.573949e-09	 9.106895e-09	
 1.497700e-07	 3.082715e-08	 8.815944e-09	
 1.497750e-07	 3.007339e-08	 8.716337e-09	
 1.497800e-07	 2.905529e-08	 8.727473e-09	
 1.497850e-07	 2.782173e-08	 8.654343e-09	
 1.497900e-07	 2.810669e-08	 8.658072e-09	
 1.497950e-07	 2.627944e-08	 8.419165e-09	
 1.498000e-07	 2.559083e-08	 8.868705e-09	
 1.498050e-07	 2.529567e-08	 8.163303e-09	
 1.498100e-07	 2.562916e-08	 8.710373e-09	
 1.498150e-07	 2.228136e-08	 7.933545e-09	
 1.498200e-07	 2.883507e-08	 8.934697e-09	
 1.498250e-07	 3.809787e-08	 7.858732e-09	
 1.498300e-07	 4.065239e-08	 8.627397e-09	
 1.498350e-07	 4.041182e-08	 8.581311e-09	
 1.498400e-07	 3.760744e-08	 8.512807e-09	
 1.498450e-07	 4.050019e-08	 8.463165e-09	
 1.498500e-07	 3.407957e-08	 8.420502e-09	
 1.498550e-07	 3.751183e-08	 8.717303e-09	
 1.498600e-07	 3.373625e-08	 8.094448e-09	
 1.498650e-07	 3.361307e-08	 8.819922e-09	
 1.498700e-07	 3.088113e-08	 8.200395e-09	
 1.498750e-07	 3.243407e-08	 8.889693e-09	
 1.498800e-07	 2.620344e-08	 7.765079e-09	
 1.498850e-07	 1.138900e-08	 8.504651e-09	
 1.498900e-07	 3.163056e-08	 8.326866e-09	
 1.498950e-07	 2.917958e-08	 8.232261e-09	
 1.499000e-07	 2.886167e-08	 8.219247e-09	
 1.499050e-07	 2.474415e-08	 8.172564e-09	
 1.499100e-07	 2.909790e-08	 8.167389e-09	
 1.499150e-07	 2.438775e-08	 7.814699e-09	
 1.499200e-07	 3.090960e-08	 8.046864e-09	
 1.499250e-07	 2.365807e-08	 7.601377e-09	
 1.499300e-07	 2.568180e-08	 8.391604e-09	
 1.499350e-07	 2.061570e-08	 7.335785e-09	
 1.499400e-07	 6.790019e-10	 7.967401e-09	
 1.499450e-07	-7.114587e-11	 7.183110e-09	
 1.499500e-07	-1.671851e-08	 7.786255e-09	
 1.499550e-07	-1.704700e-08	 7.901037e-09	
 1.499600e-07	-1.804146e-08	 7.867284e-09	
 1.499650e-07	-1.459500e-08	 7.949373e-09	
 1.499700e-07	-1.675796e-08	 7.708204e-09	
 1.499750e-07	-1.321056e-08	 8.201334e-09	
 1.499800e-07	-1.753549e-08	 7.585500e-09	
 1.499850e-07	-9.287967e-09	 8.457490e-09	
 1.499900e-07	-2.797278e-08	 7.826235e-09	
 1.499950e-07	-3.136628e-08	 8.409161e-09	
 1.500000e-07	-1.534154e-08	 7.910662e-09	
 1.500050e-07	-1.555480e-08	 7.856825e-09	
 1.500100e-07	-1.495717e-08	 7.897827e-09	
 1.500125e-07	 3.133276e-02	 4.516880e-04	
 1.500150e-07	 7.786964e-02	 1.113599e-03	
 1.500175e-07	 1.540343e-01	 2.168567e-03	
 1.500200e-07	 2.583440e-01	 3.562806e-03	
 1.500250e-07	 4.541827e-01	 5.691206e-03	
 1.500300e-07	 6.268579e-01	 7.166544e-03	
 1.500350e-07	 7.905593e-01	 8.326362e-03	
 1.500400e-07	 9.373563e-01	 8.889998e-03	
 1.500450e-07	 1.068948e+00	 8.932474e-03	
 1.500500e-07	 1.186982e+00	 8.553798e-03	
 1.500550e-07	 1.292885e+00	 7.840800e-03	
 1.500600e-07	 1.388035e+00	 6.876586e-03	
 1.500650e-07	 1.473579e+00	 5.729022e-03	
 1.500700e-07	 1.550724e+00	 4.493851e-03	
 1.500750e-07	 1.620420e+00	 3.235987e-03	
 1.500800e-07	 1.683788e+00	 1.948470e-03	
 1.500850e-07	 1.741208e+00	 6.446805e-04	
 1.500900e-07	 1.793909e+00	-6.613094e-04	
 1.500950e-07	 1.844687e+00	-1.971722e-03	
 1.501000e-07	 1.892008e+00	-3.310500e-03	
 1.501050e-07	 1.937167e+00	-4.745951e-03	
 1.501100e-07	 1.977940e+00	-6.193650e-03	
 1.501150e-07	 2.015112e+00	-7.636254e-03	
 1.501200e-07	 2.048613e+00	-9.076560e-03	
 1.501250e-07	 2.081816e+00	-1.047118e-02	
 1.501300e-07	 2.113555e+00	-1.184753e-02	
 1.501350e-07	 2.145483e+00	-1.341074e-02	
 1.501400e-07	 2.175472e+00	-1.497039e-02	
 1.501450e-07	 2.201827e+00	-1.629355e-02	
 1.501500e-07	 2.224707e+00	-1.749889e-02	
 1.501550e-07	 2.244738e+00	-1.862937e-02	
 1.501600e-07	 2.262192e+00	-1.955280e-02	
 1.501650e-07	 2.277554e+00	-2.012573e-02	
 1.501700e-07	 2.290673e+00	-2.019420e-02	
 1.501750e-07	 2.301867e+00	-1.963106e-02	
 1.501800e-07	 2.311499e+00	-1.832657e-02	
 1.501850e-07	 2.320180e+00	-1.620631e-02	
 1.501900e-07	 2.328095e+00	-1.320538e-02	
 1.501950e-07	 2.335548e+00	-9.265468e-03	
 1.502000e-07	 2.342742e+00	-4.364923e-03	
 1.502050e-07	 2.349926e+00	 1.496635e-03	
 1.502100e-07	 2.357066e+00	 8.299495e-03	
 1.502150e-07	 2.363955e+00	 1.608565e-02	
 1.502200e-07	 2.370646e+00	 2.484391e-02	
 1.502250e-07	 2.377387e+00	 3.457216e-02	
 1.502300e-07	 2.383978e+00	 4.525819e-02	
 1.502350e-07	 2.390389e+00	 5.689554e-02	
 1.502400e-07	 2.396609e+00	 6.948568e-02	
 1.502450e-07	 2.402602e+00	 8.303313e-02	
 1.502500e-07	 2.408602e+00	 9.746750e-02	
 1.502550e-07	 2.414091e+00	 1.130588e-01	
 1.502600e-07	 2.419199e+00	 1.297711e-01	
 1.502650e-07	 2.423900e+00	 1.476770e-01	
 1.502700e-07	 2.428234e+00	 1.668471e-01	
 1.502750e-07	 2.432218e+00	 1.873795e-01	
 1.502800e-07	 2.435925e+00	 2.088727e-01	
 1.502850e-07	 2.439364e+00	 2.311986e-01	
 1.502900e-07	 2.442584e+00	 2.542386e-01	
 1.502950e-07	 2.445607e+00	 2.779236e-01	
 1.503000e-07	 2.448452e+00	 3.021431e-01	
 1.503050e-07	 2.451131e+00	 3.266334e-01	
 1.503100e-07	 2.453663e+00	 3.515748e-01	
 1.503150e-07	 2.456063e+00	 3.769657e-01	
 1.503200e-07	 2.458341e+00	 4.027696e-01	
 1.503250e-07	 2.460041e+00	 4.289510e-01	
 1.503300e-07	 2.462153e+00	 4.554815e-01	
 1.503350e-07	 2.464159e+00	 4.823272e-01	
 1.503400e-07	 2.465997e+00	 5.094518e-01	
 1.503450e-07	 2.467819e+00	 5.368357e-01	
 1.503500e-07	 2.469485e+00	 5.644576e-01	
 1.503550e-07	 2.471074e+00	 5.922890e-01	
 1.503600e-07	 2.472584e+00	 6.202992e-01	
 1.503650e-07	 2.474014e+00	 6.484584e-01	
 1.503700e-07	 2.475362e+00	 6.767390e-01	
 1.503750e-07	 2.476630e+00	 7.051152e-01	
 1.503800e-07	 2.477818e+00	 7.335630e-01	
 1.503850e-07	 2.478929e+00	 7.620605e-01	
 1.503900e-07	 2.479966e+00	 7.905871e-01	
 1.503950e-07	 2.480925e+00	 8.191236e-01	
 1.504000e-07	 2.481827e+00	 8.476517e-01	
 1.504050e-07	 2.482666e+00	 8.761541e-01	
 1.504100e-07	 2.483446e+00	 9.046135e-01	
 1.504150e-07	 2.484172e+00	 9.330137e-01	
 1.504200e-07	 2.484867e+00	 9.613646e-01	
 1.504250e-07	 2.485494e+00	 9.896182e-01	
 1.504300e-07	 2.486092e+00	 1.017777e+00	
 1.504350e-07	 2.486647e+00	 1.045819e+00	
 1.504400e-07	 2.487129e+00	 1.073714e+00	
 1.504450e-07	 2.487582e+00	 1.101446e+00	
 1.504500e-07	 2.487981e+00	 1.128999e+00	
 1.504550e-07	 2.488334e+00	 1.156352e+00	
 1.504600e-07	 2.488644e+00	 1.183483e+00	
 1.504650e-07	 2.488906e+00	 1.210346e+00	
 1.504700e-07	 2.489128e+00	 1.236955e+00	
 1.504750e-07	 2.489310e+00	 1.263311e+00	
 1.504800e-07	 2.489451e+00	 1.289350e+00	
 1.504850e-07	 2.489547e+00	 1.315070e+00	
 1.504900e-07	 2.489607e+00	 1.340396e+00	
 1.504950e-07	 2.489619e+00	 1.365137e+00	
 1.505000e-07	 2.489579e+00	 1.389328e+00	
 1.505050e-07	 2.489484e+00	 1.412988e+00	
 1.505100e-07	 2.489299e+00	 1.436180e+00	
 1.505150e-07	 2.488981e+00	 1.458983e+00	
 1.505200e-07	 2.488389e+00	 1.481519e+00	
 1.505250e-07	 2.487541e+00	 1.503912e+00	
 1.505300e-07	 2.486685e+00	 1.525834e+00	
 1.505350e-07	 2.485790e+00	 1.547309e+00	
 1.505400e-07	 2.484855e+00	 1.568319e+00	
 1.505450e-07	 2.483881e+00	 1.588874e+00	
 1.505500e-07	 2.482877e+00	 1.608984e+00	
 1.505550e-07	 2.481842e+00	 1.628657e+00	
 1.505600e-07	 2.480781e+00	 1.647901e+00	
 1.505650e-07	 2.479698e+00	 1.666724e+00	
 1.505700e-07	 2.478595e+00	 1.685133e+00	
 1.505750e-07	 2.477480e+00	 1.703135e+00	
 1.505800e-07	 2.476358e+00	 1.720738e+00	
 1.505850e-07	 2.475235e+00	 1.737948e+00	
 1.505900e-07	 2.474114e+00	 1.754774e+00	
 1.505950e-07	 2.473005e+00	 1.771221e+00	
 1.506000e-07	 2.471909e+00	 1.787299e+00	
 1.506050e-07	 2.470832e+00	 1.803014e+00	
 1.506100e-07	 2.469782e+00	 1.818375e+00	
 1.506150e-07	 2.468764e+00	 1.833389e+00	
 1.506200e-07	 2.467785e+00	 1.848067e+00	
 1.506250e-07	 2.466853e+00	 1.862418e+00	
 1.506300e-07	 2.465982e+00	 1.876452e+00	
 1.506350e-07	 2.465185e+00	 1.890183e+00	
 1.506400e-07	 2.464860e+00	 1.903589e+00	
 1.506450e-07	 2.464365e+00	 1.916625e+00	
 1.506500e-07	 2.464092e+00	 1.929361e+00	
 1.506550e-07	 2.464079e+00	 1.941801e+00	
 1.506600e-07	 2.464318e+00	 1.954004e+00	
 1.506650e-07	 2.464785e+00	 1.966015e+00	
 1.506700e-07	 2.465510e+00	 1.977868e+00	
 1.506750e-07	 2.466477e+00	 1.989584e+00	
 1.506800e-07	 2.467660e+00	 2.001177e+00	
 1.506850e-07	 2.469024e+00	 2.012656e+00	
 1.506900e-07	 2.470529e+00	 2.024014e+00	
 1.506950e-07	 2.472143e+00	 2.035247e+00	
 1.507000e-07	 2.473832e+00	 2.046341e+00	
 1.507050e-07	 2.475551e+00	 2.057292e+00	
 1.507100e-07	 2.477280e+00	 2.068433e+00	
 1.507150e-07	 2.478985e+00	 2.079622e+00	
 1.507200e-07	 2.480639e+00	 2.090655e+00	
 1.507250e-07	 2.482223e+00	 2.101471e+00	
 1.507300e-07	 2.483726e+00	 2.112064e+00	
 1.507350e-07	 2.485138e+00	 2.122432e+00	
 1.507400e-07	 2.486457e+00	 2.132570e+00	
 1.507450e-07	 2.487681e+00	 2.142478e+00	
 1.507500e-07	 2.488811e+00	 2.152155e+00	
 1.507550e-07	 2.489848e+00	 2.161602e+00	
 1.507600e-07	 2.490801e+00	 2.170821e+00	
 1.507650e-07	 2.491664e+00	 2.179814e+00	
 1.507700e-07	 2.492447e+00	 2.188581e+00	
 1.507750e-07	 2.493157e+00	 2.197128e+00	
 1.507800e-07	 2.493799e+00	 2.205457e+00	
 1.507850e-07	 2.494377e+00	 2.213572e+00	
 1.507900e-07	 2.494898e+00	 2.221477e+00	
 1.507950e-07	 2.495366e+00	 2.229176e+00	
 1.508000e-07	 2.495786e+00	 2.236673e+00	
 1.508050e-07	 2.496163e+00	 2.243974e+00	
 1.508100e-07	 2.496501e+00	 2.251081e+00	
 1.508150e-07	 2.496804e+00	 2.257999e+00	
 1.508200e-07	 2.497075e+00	 2.264734e+00	
 1.508250e-07	 2.497317e+00	 2.271288e+00	
 1.508300e-07	 2.497534e+00	 2.277666e+00	
 1.508350e-07	 2.497728e+00	 2.283873e+00	
 1.508400e-07	 2.497902e+00	 2.289913e+00	
 1.508450e-07	 2.498058e+00	 2.295789e+00	
 1.508500e-07	 2.498197e+00	 2.301506e+00	
 1.508550e-07	 2.498323e+00	 2.307068e+00	
 1.508600e-07	 2.498435e+00	 2.312479e+00	
 1.508650e-07	 2.498536e+00	 2.317742e+00	
 1.508700e-07	 2.498627e+00	 2.322861e+00	
 1.508750e-07	 2.498709e+00	 2.327841e+00	
 1.508800e-07	 2.498783e+00	 2.332684e+00	
 1.508850e-07	 2.498849e+00	 2.337394e+00	
 1.508900e-07	 2.498910e+00	 2.341974e+00	
 1.508950e-07	 2.498973e+00	 2.346430e+00	
 1.509000e-07	 2.499021e+00	 2.350762e+00	
 1.509050e-07	 2.499074e+00	 2.354976e+00	
 1.509100e-07	 2.499112e+00	 2.359072e+00	
 1.509150e-07	 2.499157e+00	 2.363056e+00	
 1.509200e-07	 2.499188e+00	 2.366929e+00	
 1.509250e-07	 2.499226e+00	 2.370695e+00	
 1.509300e-07	 2.499251e+00	 2.374356e+00	
 1.509350e-07	 2.499275e+00	 2.377914e+00	
 1.509400e-07	 2.499298e+00	 2.381373e+00	
 1.509450e-07	 2.499315e+00	 2.384735e+00	
 1.509500e-07	 2.499337e+00	 2.388003e+00	
 1.509550e-07	 2.499357e+00	 2.391180e+00	
 1.509600e-07	 2.499377e+00	 2.394268e+00	
 1.509650e-07	 2.499395e+00	 2.397270e+00	
 1.509700e-07	 2.499412e+00	 2.400187e+00	
 1.509750e-07	 2.499429e+00	 2.403023e+00	
 1.509800e-07	 2.499445e+00	 2.405780e+00	
 1.509850e-07	 2.499461e+00	 2.408459e+00	
 1.509900e-07	 2.499475e+00	 2.411063e+00	
 1.509950e-07	 2.499489e+00	 2.413593e+00	
 1.510000e-07	 2.499503e+00	 2.416053e+00	
 1.510050e-07	 2.499516e+00	 2.418443e+00	
 1.510100e-07	 2.499525e+00	 2.420632e+00	
 1.510150e-07	 2.499535e+00	 2.422773e+00	
 1.510200e-07	 2.499545e+00	 2.424858e+00	
 1.510250e-07	 2.499555e+00	 2.426889e+00	
 1.510300e-07	 2.499565e+00	 2.428866e+00	
 1.510350e-07	 2.499576e+00	 2.430791e+00	
 1.510400e-07	 2.499586e+00	 2.432666e+00	
 1.510450e-07	 2.499597e+00	 2.434490e+00	
 1.510500e-07	 2.499607e+00	 2.436266e+00	
 1.510550e-07	 2.499618e+00	 2.437995e+00	
 1.510600e-07	 2.499628e+00	 2.439677e+00	
 1.510650e-07	 2.499638e+00	 2.441314e+00	
 1.510700e-07	 2.499647e+00	 2.442908e+00	
 1.510750e-07	 2.499657e+00	 2.444459e+00	
 1.510800e-07	 2.499666e+00	 2.445968e+00	
 1.510850e-07	 2.499676e+00	 2.447437e+00	
 1.510900e-07	 2.499684e+00	 2.448866e+00	
 1.510950e-07	 2.499693e+00	 2.450256e+00	
 1.511000e-07	 2.499702e+00	 2.451610e+00	
 1.511050e-07	 2.499710e+00	 2.452926e+00	
 1.511100e-07	 2.499718e+00	 2.454208e+00	
 1.511150e-07	 2.499726e+00	 2.455454e+00	
 1.511200e-07	 2.499734e+00	 2.456667e+00	
 1.511250e-07	 2.499741e+00	 2.457847e+00	
 1.511300e-07	 2.499748e+00	 2.458996e+00	
 1.511350e-07	 2.499755e+00	 2.460113e+00	
 1.511400e-07	 2.499762e+00	 2.461200e+00	
 1.511450e-07	 2.499769e+00	 2.462258e+00	
 1.511500e-07	 2.499775e+00	 2.463287e+00	
 1.511550e-07	 2.499781e+00	 2.464288e+00	
 1.511600e-07	 2.499785e+00	 2.465262e+00	
 1.511650e-07	 2.499789e+00	 2.466209e+00	
 1.511700e-07	 2.499794e+00	 2.467131e+00	
 1.511750e-07	 2.499800e+00	 2.468028e+00	
 1.511800e-07	 2.499803e+00	 2.468900e+00	
 1.511850e-07	 2.499809e+00	 2.469749e+00	
 1.511900e-07	 2.499812e+00	 2.470575e+00	
 1.511950e-07	 2.499818e+00	 2.471378e+00	
 1.512000e-07	 2.499821e+00	 2.472160e+00	
 1.512050e-07	 2.499827e+00	 2.472920e+00	
 1.512100e-07	 2.499830e+00	 2.473660e+00	
 1.512150e-07	 2.499835e+00	 2.474379e+00	
 1.512200e-07	 2.499838e+00	 2.475079e+00	
 1.512250e-07	 2.499843e+00	 2.475760e+00	
 1.512300e-07	 2.499846e+00	 2.476423e+00	
 1.512350e-07	 2.499851e+00	 2.477067e+00	
 1.512400e-07	 2.499854e+00	 2.477694e+00	
 1.512450e-07	 2.499859e+00	 2.478304e+00	
 1.512500e-07	 2.499861e+00	 2.478897e+00	
 1.512550e-07	 2.499866e+00	 2.479474e+00	
 1.512600e-07	 2.499868e+00	 2.480035e+00	
 1.512650e-07	 2.499872e+00	 2.480581e+00	
 1.512700e-07	 2.499875e+00	 2.481112e+00	
 1.512750e-07	 2.499879e+00	 2.481629e+00	
 1.512800e-07	 2.499881e+00	 2.482131e+00	
 1.512850e-07	 2.499885e+00	 2.482620e+00	
 1.512900e-07	 2.499887e+00	 2.483095e+00	
 1.512950e-07	 2.499891e+00	 2.483558e+00	
 1.513000e-07	 2.499893e+00	 2.484008e+00	
 1.513050e-07	 2.499897e+00	 2.484445e+00	
 1.513100e-07	 2.499899e+00	 2.484871e+00	
 1.513150e-07	 2.499902e+00	 2.485285e+00	
 1.513200e-07	 2.499904e+00	 2.485688e+00	
 1.513250e-07	 2.499907e+00	 2.486079e+00	
 1.513300e-07	 2.499909e+00	 2.486460e+00	
 1.513350e-07	 2.499912e+00	 2.486831e+00	
 1.513400e-07	 2.499914e+00	 2.487192e+00	
 1.513450e-07	 2.499917e+00	 2.487542e+00	
 1.513500e-07	 2.499918e+00	 2.487883e+00	
 1.513550e-07	 2.499921e+00	 2.488215e+00	
 1.513600e-07	 2.499922e+00	 2.488538e+00	
 1.513650e-07	 2.499925e+00	 2.488852e+00	
 1.513700e-07	 2.499926e+00	 2.489157e+00	
 1.513750e-07	 2.499929e+00	 2.489454e+00	
 1.513800e-07	 2.499931e+00	 2.489743e+00	
 1.513850e-07	 2.499932e+00	 2.490023e+00	
 1.513900e-07	 2.499934e+00	 2.490297e+00	
 1.513950e-07	 2.499937e+00	 2.490563e+00	
 1.514000e-07	 2.499938e+00	 2.490821e+00	
 1.514050e-07	 2.499939e+00	 2.491072e+00	
 1.514100e-07	 2.499942e+00	 2.491317e+00	
 1.514150e-07	 2.499943e+00	 2.491555e+00	
 1.514200e-07	 2.499944e+00	 2.491786e+00	
 1.514250e-07	 2.499947e+00	 2.492011e+00	
 1.514300e-07	 2.499948e+00	 2.492230e+00	
 1.514350e-07	 2.499949e+00	 2.492443e+00	
 1.514400e-07	 2.499950e+00	 2.492650e+00	
 1.514450e-07	 2.499952e+00	 2.492852e+00	
 1.514500e-07	 2.499953e+00	 2.493048e+00	
 1.514550e-07	 2.499954e+00	 2.493239e+00	
 1.514600e-07	 2.499956e+00	 2.493424e+00	
 1.514650e-07	 2.499957e+00	 2.493604e+00	
 1.514700e-07	 2.499958e+00	 2.493780e+00	
 1.514750e-07	 2.499959e+00	 2.493950e+00	
 1.514800e-07	 2.499960e+00	 2.494116e+00	
 1.514850e-07	 2.499961e+00	 2.494277e+00	
 1.514900e-07	 2.499962e+00	 2.494434e+00	
 1.514950e-07	 2.499963e+00	 2.494587e+00	
 1.515000e-07	 2.499964e+00	 2.494735e+00	
 1.515050e-07	 2.499965e+00	 2.494880e+00	
 1.515100e-07	 2.499965e+00	 2.495020e+00	
 1.515150e-07	 2.499966e+00	 2.495157e+00	
 1.515200e-07	 2.499967e+00	 2.495289e+00	
 1.515250e-07	 2.499968e+00	 2.495419e+00	
 1.515300e-07	 2.499969e+00	 2.495544e+00	
 1.515350e-07	 2.499969e+00	 2.495666e+00	
 1.515400e-07	 2.499970e+00	 2.495785e+00	
 1.515450e-07	 2.499971e+00	 2.495901e+00	
 1.515500e-07	 2.499971e+00	 2.496013e+00	
 1.515550e-07	 2.499972e+00	 2.496122e+00	
 1.515600e-07	 2.499973e+00	 2.496229e+00	
 1.515650e-07	 2.499973e+00	 2.496332e+00	
 1.515700e-07	 2.499974e+00	 2.496433e+00	
 1.515750e-07	 2.499975e+00	 2.496530e+00	
 1.515800e-07	 2.499975e+00	 2.496625e+00	
 1.515850e-07	 2.499976e+00	 2.496718e+00	
 1.515900e-07	 2.499976e+00	 2.496808e+00	
 1.515950e-07	 2.499977e+00	 2.496895e+00	
 1.516000e-07	 2.499977e+00	 2.496980e+00	
 1.516050e-07	 2.499978e+00	 2.497063e+00	
 1.516100e-07	 2.499978e+00	 2.497144e+00	
 1.516150e-07	 2.499979e+00	 2.497222e+00	
 1.516200e-07	 2.499979e+00	 2.497298e+00	
 1.516250e-07	 2.499980e+00	 2.497372e+00	
 1.516300e-07	 2.499981e+00	 2.497444e+00	
 1.516350e-07	 2.499981e+00	 2.497515e+00	
 1.516400e-07	 2.499982e+00	 2.497586e+00	
 1.516450e-07	 2.499982e+00	 2.497652e+00	
 1.516500e-07	 2.499982e+00	 2.497716e+00	
 1.516550e-07	 2.499983e+00	 2.497779e+00	
 1.516600e-07	 2.499983e+00	 2.497840e+00	
 1.516650e-07	 2.499984e+00	 2.497899e+00	
 1.516700e-07	 2.499984e+00	 2.497960e+00	
 1.516750e-07	 2.499984e+00	 2.498016e+00	
 1.516800e-07	 2.499985e+00	 2.498070e+00	
 1.516850e-07	 2.499985e+00	 2.498123e+00	
 1.516900e-07	 2.499985e+00	 2.498174e+00	
 1.516950e-07	 2.499986e+00	 2.498224e+00	
 1.517000e-07	 2.499986e+00	 2.498273e+00	
 1.517050e-07	 2.499986e+00	 2.498320e+00	
 1.517100e-07	 2.499987e+00	 2.498366e+00	
 1.517150e-07	 2.499987e+00	 2.498414e+00	
 1.517200e-07	 2.499987e+00	 2.498457e+00	
 1.517250e-07	 2.499988e+00	 2.498499e+00	
 1.517300e-07	 2.499988e+00	 2.498540e+00	
 1.517350e-07	 2.499988e+00	 2.498580e+00	
 1.517400e-07	 2.499989e+00	 2.498619e+00	
 1.517450e-07	 2.499989e+00	 2.498657e+00	
 1.517500e-07	 2.499989e+00	 2.498694e+00	
 1.517550e-07	 2.499989e+00	 2.498729e+00	
 1.517600e-07	 2.499990e+00	 2.498764e+00	
 1.517650e-07	 2.499990e+00	 2.498798e+00	
 1.517700e-07	 2.499990e+00	 2.498831e+00	
 1.517750e-07	 2.499990e+00	 2.498863e+00	
 1.517800e-07	 2.499991e+00	 2.498894e+00	
 1.517850e-07	 2.499991e+00	 2.498926e+00	
 1.517900e-07	 2.499991e+00	 2.498956e+00	
 1.517950e-07	 2.499992e+00	 2.498984e+00	
 1.518000e-07	 2.499992e+00	 2.499012e+00	
 1.518050e-07	 2.499992e+00	 2.499041e+00	
 1.518100e-07	 2.499992e+00	 2.499067e+00	
 1.518150e-07	 2.499992e+00	 2.499092e+00	
 1.518200e-07	 2.499993e+00	 2.499117e+00	
 1.518250e-07	 2.499993e+00	 2.499141e+00	
 1.518300e-07	 2.499993e+00	 2.499165e+00	
 1.518350e-07	 2.499993e+00	 2.499188e+00	
 1.518400e-07	 2.499993e+00	 2.499211e+00	
 1.518450e-07	 2.499993e+00	 2.499233e+00	
 1.518500e-07	 2.499994e+00	 2.499254e+00	
 1.518550e-07	 2.499994e+00	 2.499274e+00	
 1.518600e-07	 2.499994e+00	 2.499294e+00	
 1.518650e-07	 2.499994e+00	 2.499313e+00	
 1.518700e-07	 2.499994e+00	 2.499332e+00	
 1.518750e-07	 2.499994e+00	 2.499351e+00	
 1.518800e-07	 2.499995e+00	 2.499368e+00	
 1.518850e-07	 2.499995e+00	 2.499386e+00	
 1.518900e-07	 2.499995e+00	 2.499402e+00	
 1.518950e-07	 2.499995e+00	 2.499419e+00	
 1.519000e-07	 2.499995e+00	 2.499435e+00	
 1.519050e-07	 2.499995e+00	 2.499451e+00	
 1.519100e-07	 2.499995e+00	 2.499466e+00	
 1.519150e-07	 2.499995e+00	 2.499481e+00	
 1.519200e-07	 2.499996e+00	 2.499495e+00	
 1.519250e-07	 2.499996e+00	 2.499509e+00	
 1.519300e-07	 2.499996e+00	 2.499522e+00	
 1.519350e-07	 2.499996e+00	 2.499535e+00	
 1.519400e-07	 2.499996e+00	 2.499548e+00	
 1.519450e-07	 2.499996e+00	 2.499561e+00	
 1.519500e-07	 2.499996e+00	 2.499573e+00	
 1.519550e-07	 2.499996e+00	 2.499585e+00	
 1.519600e-07	 2.499996e+00	 2.499596e+00	
 1.519650e-07	 2.499997e+00	 2.499607e+00	
 1.519700e-07	 2.499997e+00	 2.499618e+00	
 1.519750e-07	 2.499997e+00	 2.499629e+00	
 1.519800e-07	 2.499997e+00	 2.499639e+00	
 1.519850e-07	 2.499997e+00	 2.499649e+00	
 1.519900e-07	 2.499997e+00	 2.499659e+00	
 1.519950e-07	 2.499997e+00	 2.499668e+00	
 1.520000e-07	 2.499997e+00	 2.499677e+00	
 1.520050e-07	 2.499997e+00	 2.499685e+00	
 1.520100e-07	 2.499997e+00	 2.499694e+00	
 1.520150e-07	 2.499997e+00	 2.499702e+00	
 1.520200e-07	 2.499997e+00	 2.499711e+00	
 1.520250e-07	 2.499998e+00	 2.499718e+00	
 1.520300e-07	 2.499998e+00	 2.499726e+00	
 1.520350e-07	 2.499998e+00	 2.499733e+00	
 1.520400e-07	 2.499998e+00	 2.499740e+00	
 1.520450e-07	 2.499998e+00	 2.499747e+00	
 1.520500e-07	 2.499998e+00	 2.499754e+00	
 1.520550e-07	 2.499998e+00	 2.499760e+00	
 1.520600e-07	 2.499998e+00	 2.499767e+00	
 1.520650e-07	 2.499998e+00	 2.499773e+00	
 1.520700e-07	 2.499998e+00	 2.499779e+00	
 1.520750e-07	 2.499998e+00	 2.499785e+00	
 1.520800e-07	 2.499998e+00	 2.499791e+00	
 1.520850e-07	 2.499998e+00	 2.499796e+00	
 1.520900e-07	 2.499998e+00	 2.499802e+00	
 1.520950e-07	 2.499998e+00	 2.499807e+00	
 1.521000e-07	 2.499998e+00	 2.499812e+00	
 1.521050e-07	 2.499998e+00	 2.499817e+00	
 1.521100e-07	 2.499998e+00	 2.499822e+00	
 1.521150e-07	 2.499998e+00	 2.499826e+00	
 1.521200e-07	 2.499998e+00	 2.499831e+00	
 1.521250e-07	 2.499998e+00	 2.499835e+00	
 1.521300e-07	 2.499998e+00	 2.499840e+00	
 1.521350e-07	 2.499999e+00	 2.499844e+00	
 1.521400e-07	 2.499998e+00	 2.499848e+00	
 1.521450e-07	 2.499999e+00	 2.499852e+00	
 1.521500e-07	 2.499998e+00	 2.499856e+00	
 1.521550e-07	 2.499999e+00	 2.499860e+00	
 1.521600e-07	 2.499998e+00	 2.499863e+00	
 1.521650e-07	 2.499998e+00	 2.499867e+00	
 1.521700e-07	 2.499997e+00	 2.499870e+00	
 1.521750e-07	 2.499999e+00	 2.499874e+00	
 1.521800e-07	 2.499998e+00	 2.499877e+00	
 1.521850e-07	 2.499999e+00	 2.499880e+00	
 1.521900e-07	 2.499998e+00	 2.499884e+00	
 1.521950e-07	 2.499999e+00	 2.499887e+00	
 1.522000e-07	 2.499998e+00	 2.499890e+00	
 1.522050e-07	 2.499999e+00	 2.499892e+00	
 1.522100e-07	 2.499998e+00	 2.499895e+00	
 1.522150e-07	 2.499999e+00	 2.499898e+00	
 1.522200e-07	 2.499999e+00	 2.499901e+00	
 1.522250e-07	 2.500000e+00	 2.499903e+00	
 1.522300e-07	 2.499998e+00	 2.499906e+00	
 1.522350e-07	 2.499999e+00	 2.499908e+00	
 1.522400e-07	 2.499998e+00	 2.499911e+00	
 1.522450e-07	 2.499999e+00	 2.499913e+00	
 1.522500e-07	 2.499998e+00	 2.499915e+00	
 1.522550e-07	 2.499998e+00	 2.499917e+00	
 1.522600e-07	 2.499997e+00	 2.499920e+00	
 1.522650e-07	 2.499999e+00	 2.499922e+00	
 1.522700e-07	 2.499998e+00	 2.499924e+00	
 1.522750e-07	 2.499999e+00	 2.499926e+00	
 1.522800e-07	 2.499998e+00	 2.499928e+00	
 1.522850e-07	 2.499999e+00	 2.499929e+00	
 1.522900e-07	 2.499998e+00	 2.499931e+00	
 1.522950e-07	 2.499999e+00	 2.499933e+00	
 1.523000e-07	 2.499998e+00	 2.499935e+00	
 1.523050e-07	 2.499999e+00	 2.499937e+00	
 1.523100e-07	 2.499998e+00	 2.499938e+00	
 1.523150e-07	 2.499999e+00	 2.499940e+00	
 1.523200e-07	 2.499998e+00	 2.499941e+00	
 1.523250e-07	 2.499999e+00	 2.499943e+00	
 1.523300e-07	 2.499998e+00	 2.499944e+00	
 1.523350e-07	 2.499999e+00	 2.499946e+00	
 1.523400e-07	 2.499998e+00	 2.499947e+00	
 1.523450e-07	 2.499999e+00	 2.499948e+00	
 1.523500e-07	 2.499999e+00	 2.499950e+00	
 1.523550e-07	 2.499999e+00	 2.499951e+00	
 1.523600e-07	 2.499999e+00	 2.499953e+00	
 1.523650e-07	 2.499999e+00	 2.499954e+00	
 1.523700e-07	 2.499999e+00	 2.499955e+00	
 1.523750e-07	 2.499999e+00	 2.499956e+00	
 1.523800e-07	 2.499999e+00	 2.499957e+00	
 1.523850e-07	 2.499999e+00	 2.499958e+00	
 1.523900e-07	 2.499999e+00	 2.499959e+00	
 1.523950e-07	 2.499999e+00	 2.499960e+00	
 1.524000e-07	 2.499999e+00	 2.499961e+00	
 1.524050e-07	 2.499999e+00	 2.499962e+00	
 1.524100e-07	 2.499999e+00	 2.499963e+00	
 1.524150e-07	 2.499999e+00	 2.499964e+00	
 1.524200e-07	 2.500000e+00	 2.499965e+00	
 1.524250e-07	 2.499999e+00	 2.499966e+00	
 1.524300e-07	 2.500000e+00	 2.499966e+00	
 1.524350e-07	 2.499999e+00	 2.499967e+00	
 1.524400e-07	 2.500000e+00	 2.499968e+00	
 1.524450e-07	 2.499999e+00	 2.499969e+00	
 1.524500e-07	 2.500000e+00	 2.499970e+00	
 1.524550e-07	 2.500000e+00	 2.499970e+00	
 1.524600e-07	 2.500000e+00	 2.499971e+00	
 1.524650e-07	 2.500000e+00	 2.499972e+00	
 1.524700e-07	 2.500000e+00	 2.499972e+00	
 1.524750e-07	 2.500000e+00	 2.499973e+00	
 1.524800e-07	 2.500000e+00	 2.499974e+00	
 1.524850e-07	 2.500000e+00	 2.499974e+00	
 1.524900e-07	 2.499999e+00	 2.499975e+00	
 1.524950e-07	 2.500000e+00	 2.499976e+00	
 1.525000e-07	 2.499999e+00	 2.499976e+00	
 1.525050e-07	 2.500000e+00	 2.499977e+00	
 1.525100e-07	 2.499999e+00	 2.499977e+00	
 1.525150e-07	 2.500000e+00	 2.499978e+00	
 1.525200e-07	 2.499999e+00	 2.499978e+00	
 1.525250e-07	 2.500000e+00	 2.499979e+00	
 1.525300e-07	 2.499998e+00	 2.499979e+00	
 1.525350e-07	 2.499999e+00	 2.499980e+00	
 1.525400e-07	 2.499998e+00	 2.499980e+00	
 1.525450e-07	 2.499999e+00	 2.499981e+00	
 1.525500e-07	 2.499999e+00	 2.499981e+00	
 1.525550e-07	 2.499999e+00	 2.499982e+00	
 1.525600e-07	 2.499999e+00	 2.499982e+00	
 1.525650e-07	 2.500000e+00	 2.499982e+00	
 1.525700e-07	 2.500000e+00	 2.499983e+00	
 1.525750e-07	 2.500000e+00	 2.499983e+00	
 1.525800e-07	 2.500000e+00	 2.499984e+00	
 1.525850e-07	 2.500000e+00	 2.499984e+00	
 1.525900e-07	 2.500000e+00	 2.499984e+00	
 1.525950e-07	 2.500000e+00	 2.499985e+00	
 1.526000e-07	 2.500000e+00	 2.499985e+00	
 1.526050e-07	 2.500000e+00	 2.499985e+00	
 1.526100e-07	 2.500000e+00	 2.499986e+00	
 1.526150e-07	 2.500000e+00	 2.499986e+00	
 1.526200e-07	 2.500000e+00	 2.499986e+00	
 1.526250e-07	 2.500000e+00	 2.499987e+00	
 1.526300e-07	 2.499999e+00	 2.499987e+00	
 1.526350e-07	 2.500000e+00	 2.499987e+00	
 1.526400e-07	 2.499999e+00	 2.499988e+00	
 1.526450e-07	 2.500000e+00	 2.499988e+00	
 1.526500e-07	 2.499999e+00	 2.499988e+00	
 1.526550e-07	 2.500000e+00	 2.499989e+00	
 1.526600e-07	 2.500000e+00	 2.499989e+00	
 1.526650e-07	 2.500001e+00	 2.499989e+00	
 1.526700e-07	 2.500000e+00	 2.499989e+00	
 1.526750e-07	 2.500000e+00	 2.499990e+00	
 1.526800e-07	 2.500000e+00	 2.499990e+00	
 1.526850e-07	 2.500000e+00	 2.499990e+00	
 1.526900e-07	 2.500000e+00	 2.499990e+00	
 1.526950e-07	 2.500000e+00	 2.499991e+00	
 1.527000e-07	 2.500000e+00	 2.499991e+00	
 1.527050e-07	 2.500000e+00	 2.499991e+00	
 1.527100e-07	 2.500000e+00	 2.499991e+00	
 1.527150e-07	 2.500000e+00	 2.499991e+00	
 1.527200e-07	 2.500000e+00	 2.499992e+00	
 1.527250e-07	 2.500000e+00	 2.499992e+00	
 1.527300e-07	 2.500000e+00	 2.499992e+00	
 1.527350e-07	 2.500000e+00	 2.499992e+00	
 1.527400e-07	 2.500000e+00	 2.499992e+00	
 1.527450e-07	 2.500000e+00	 2.499993e+00	
 1.527500e-07	 2.500000e+00	 2.499993e+00	
 1.527550e-07	 2.500000e+00	 2.499993e+00	
 1.527600e-07	 2.500000e+00	 2.499993e+00	
 1.527650e-07	 2.500000e+00	 2.499993e+00	
 1.527700e-07	 2.500000e+00	 2.499993e+00	
 1.527750e-07	 2.500000e+00	 2.499994e+00	
 1.527800e-07	 2.500000e+00	 2.499994e+00	
 1.527850e-07	 2.500000e+00	 2.499994e+00	
 1.527900e-07	 2.500000e+00	 2.499994e+00	
 1.527950e-07	 2.500000e+00	 2.499994e+00	
 1.528000e-07	 2.500000e+00	 2.499994e+00	
 1.528050e-07	 2.500000e+00	 2.499994e+00	
 1.528100e-07	 2.500000e+00	 2.499995e+00	
 1.528150e-07	 2.500000e+00	 2.499995e+00	
 1.528200e-07	 2.500000e+00	 2.499995e+00	
 1.528250e-07	 2.500000e+00	 2.499995e+00	
 1.528300e-07	 2.500000e+00	 2.499995e+00	
 1.528350e-07	 2.500000e+00	 2.499995e+00	
 1.528400e-07	 2.500000e+00	 2.499995e+00	
 1.528450e-07	 2.500000e+00	 2.499995e+00	
 1.528500e-07	 2.500000e+00	 2.499996e+00	
 1.528550e-07	 2.500000e+00	 2.499996e+00	
 1.528600e-07	 2.500000e+00	 2.499996e+00	
 1.528650e-07	 2.500000e+00	 2.499996e+00	
 1.528700e-07	 2.500000e+00	 2.499996e+00	
 1.528750e-07	 2.500000e+00	 2.499996e+00	
 1.528800e-07	 2.500000e+00	 2.499996e+00	
 1.528850e-07	 2.500000e+00	 2.499996e+00	
 1.528900e-07	 2.500000e+00	 2.499996e+00	
 1.528950e-07	 2.500000e+00	 2.499996e+00	
 1.529000e-07	 2.500000e+00	 2.499996e+00	
 1.529050e-07	 2.500000e+00	 2.499996e+00	
 1.529100e-07	 2.500000e+00	 2.499997e+00	
 1.529150e-07	 2.500000e+00	 2.499997e+00	
 1.529200e-07	 2.500000e+00	 2.499997e+00	
 1.529250e-07	 2.500000e+00	 2.499997e+00	
 1.529300e-07	 2.500000e+00	 2.499997e+00	
 1.529350e-07	 2.500000e+00	 2.499997e+00	
 1.529400e-07	 2.500000e+00	 2.499997e+00	
 1.529450e-07	 2.500000e+00	 2.499997e+00	
 1.529500e-07	 2.500000e+00	 2.499997e+00	
 1.529550e-07	 2.500000e+00	 2.499997e+00	
 1.529600e-07	 2.500000e+00	 2.499997e+00	
 1.529650e-07	 2.500000e+00	 2.499997e+00	
 1.529700e-07	 2.500000e+00	 2.499997e+00	
 1.529750e-07	 2.500000e+00	 2.499998e+00	
 1.529800e-07	 2.500000e+00	 2.499998e+00	
 1.529850e-07	 2.500000e+00	 2.499998e+00	
 1.529900e-07	 2.500000e+00	 2.499998e+00	
 1.529950e-07	 2.500000e+00	 2.499998e+00	
 1.530000e-07	 2.500000e+00	 2.499998e+00	
 1.530050e-07	 2.500000e+00	 2.499998e+00	
 1.530100e-07	 2.500000e+00	 2.499998e+00	
 1.530150e-07	 2.500000e+00	 2.499998e+00	
 1.530200e-07	 2.500000e+00	 2.499998e+00	
 1.530250e-07	 2.500000e+00	 2.499998e+00	
 1.530300e-07	 2.500000e+00	 2.499998e+00	
 1.530350e-07	 2.500000e+00	 2.499998e+00	
 1.530400e-07	 2.500000e+00	 2.499998e+00	
 1.530450e-07	 2.500000e+00	 2.499998e+00	
 1.530500e-07	 2.500000e+00	 2.499998e+00	
 1.530550e-07	 2.500000e+00	 2.499998e+00	
 1.530600e-07	 2.500000e+00	 2.499998e+00	
 1.530650e-07	 2.500000e+00	 2.499998e+00	
 1.530700e-07	 2.500000e+00	 2.499998e+00	
 1.530750e-07	 2.500000e+00	 2.499998e+00	
 1.530800e-07	 2.500000e+00	 2.499998e+00	
 1.530850e-07	 2.500000e+00	 2.499999e+00	
 1.530900e-07	 2.500000e+00	 2.499999e+00	
 1.530950e-07	 2.500000e+00	 2.499999e+00	
 1.531000e-07	 2.500000e+00	 2.499999e+00	
 1.531050e-07	 2.500000e+00	 2.499999e+00	
 1.531100e-07	 2.500000e+00	 2.499999e+00	
 1.531150e-07	 2.500000e+00	 2.499999e+00	
 1.531200e-07	 2.500000e+00	 2.499999e+00	
 1.531250e-07	 2.500000e+00	 2.499999e+00	
 1.531300e-07	 2.500000e+00	 2.499999e+00	
 1.531350e-07	 2.500000e+00	 2.499999e+00	
 1.531400e-07	 2.500000e+00	 2.499999e+00	
 1.531450e-07	 2.499999e+00	 2.499999e+00	
 1.531500e-07	 2.500000e+00	 2.499999e+00	
 1.531550e-07	 2.499999e+00	 2.499999e+00	
 1.531600e-07	 2.500000e+00	 2.499999e+00	
 1.531650e-07	 2.500000e+00	 2.499999e+00	
 1.531700e-07	 2.500000e+00	 2.499999e+00	
 1.531750e-07	 2.499999e+00	 2.499999e+00	
 1.531800e-07	 2.500000e+00	 2.499999e+00	
 1.531850e-07	 2.499999e+00	 2.499999e+00	
 1.531900e-07	 2.500000e+00	 2.499999e+00	
 1.531950e-07	 2.499999e+00	 2.499999e+00	
 1.532000e-07	 2.500001e+00	 2.499999e+00	
 1.532050e-07	 2.500000e+00	 2.499999e+00	
 1.532100e-07	 2.500001e+00	 2.499999e+00	
 1.532150e-07	 2.500000e+00	 2.499999e+00	
 1.532200e-07	 2.500000e+00	 2.499999e+00	
 1.532250e-07	 2.500000e+00	 2.499999e+00	
 1.532300e-07	 2.500000e+00	 2.499999e+00	
 1.532350e-07	 2.500000e+00	 2.499999e+00	
 1.532400e-07	 2.500000e+00	 2.499999e+00	
 1.532450e-07	 2.500001e+00	 2.499999e+00	
 1.532500e-07	 2.500000e+00	 2.499999e+00	
 1.532550e-07	 2.500001e+00	 2.499999e+00	
 1.532600e-07	 2.500000e+00	 2.499999e+00	
 1.532650e-07	 2.500000e+00	 2.499999e+00	
 1.532700e-07	 2.500000e+00	 2.499999e+00	
 1.532750e-07	 2.500001e+00	 2.499999e+00	
 1.532800e-07	 2.500000e+00	 2.499999e+00	
 1.532850e-07	 2.500000e+00	 2.499999e+00	
 1.532900e-07	 2.500000e+00	 2.499999e+00	
 1.532950e-07	 2.500000e+00	 2.499999e+00	
 1.533000e-07	 2.500000e+00	 2.499999e+00	
 1.533050e-07	 2.500000e+00	 2.499999e+00	
 1.533100e-07	 2.500000e+00	 2.499999e+00	
 1.533150e-07	 2.500000e+00	 2.499999e+00	
 1.533200e-07	 2.500000e+00	 2.499999e+00	
 1.533250e-07	 2.500000e+00	 2.499999e+00	
 1.533300e-07	 2.500000e+00	 2.499999e+00	
 1.533350e-07	 2.500000e+00	 2.499999e+00	
 1.533400e-07	 2.500000e+00	 2.499999e+00	
 1.533450e-07	 2.500000e+00	 2.499999e+00	
 1.533500e-07	 2.500000e+00	 2.500000e+00	
 1.533550e-07	 2.500000e+00	 2.500000e+00	
 1.533600e-07	 2.500000e+00	 2.500000e+00	
 1.533650e-07	 2.499999e+00	 2.500000e+00	
 1.533700e-07	 2.500001e+00	 2.500000e+00	
 1.533750e-07	 2.500000e+00	 2.500000e+00	
 1.533800e-07	 2.500001e+00	 2.500000e+00	
 1.533850e-07	 2.500000e+00	 2.500000e+00	
 1.533900e-07	 2.500001e+00	 2.500000e+00	
 1.533950e-07	 2.500000e+00	 2.500000e+00	
 1.534000e-07	 2.500001e+00	 2.500000e+00	
 1.534050e-07	 2.500000e+00	 2.500000e+00	
 1.534100e-07	 2.500000e+00	 2.500000e+00	
 1.534150e-07	 2.500000e+00	 2.500000e+00	
 1.534200e-07	 2.500000e+00	 2.500000e+00	
 1.534250e-07	 2.500000e+00	 2.500000e+00	
 1.534300e-07	 2.499999e+00	 2.500000e+00	
 1.534350e-07	 2.500000e+00	 2.500000e+00	
 1.534400e-07	 2.499999e+00	 2.500000e+00	
 1.534450e-07	 2.500001e+00	 2.500000e+00	
 1.534500e-07	 2.499999e+00	 2.500000e+00	
 1.534550e-07	 2.500000e+00	 2.500000e+00	
 1.534600e-07	 2.500001e+00	 2.500000e+00	
 1.534650e-07	 2.500000e+00	 2.500000e+00	
 1.534700e-07	 2.500001e+00	 2.500000e+00	
 1.534750e-07	 2.500000e+00	 2.500000e+00	
 1.534800e-07	 2.500001e+00	 2.500000e+00	
 1.534850e-07	 2.500000e+00	 2.500000e+00	
 1.534900e-07	 2.500001e+00	 2.500000e+00	
 1.534950e-07	 2.500000e+00	 2.500000e+00	
 1.535000e-07	 2.500000e+00	 2.500000e+00	
 1.535050e-07	 2.500000e+00	 2.500000e+00	
 1.535100e-07	 2.500000e+00	 2.500000e+00	
 1.535150e-07	 2.500000e+00	 2.500000e+00	
 1.535200e-07	 2.500000e+00	 2.500000e+00	
 1.535250e-07	 2.500000e+00	 2.500000e+00	
 1.535300e-07	 2.500000e+00	 2.500000e+00	
 1.535350e-07	 2.500000e+00	 2.500000e+00	
 1.535400e-07	 2.500000e+00	 2.500000e+00	
 1.535450e-07	 2.500000e+00	 2.500000e+00	
 1.535500e-07	 2.500000e+00	 2.500000e+00	
 1.535550e-07	 2.500000e+00	 2.500000e+00	
 1.535600e-07	 2.500000e+00	 2.500000e+00	
 1.535650e-07	 2.500000e+00	 2.500000e+00	
 1.535700e-07	 2.500000e+00	 2.500000e+00	
 1.535750e-07	 2.500000e+00	 2.500000e+00	
 1.535800e-07	 2.500000e+00	 2.500000e+00	
 1.535850e-07	 2.500000e+00	 2.500000e+00	
 1.535900e-07	 2.500000e+00	 2.500000e+00	
 1.535950e-07	 2.500000e+00	 2.500000e+00	
 1.536000e-07	 2.500000e+00	 2.500000e+00	
 1.536050e-07	 2.500000e+00	 2.500000e+00	
 1.536100e-07	 2.500000e+00	 2.500000e+00	
 1.536150e-07	 2.500000e+00	 2.500000e+00	
 1.536200e-07	 2.500000e+00	 2.500000e+00	
 1.536250e-07	 2.500000e+00	 2.500000e+00	
 1.536300e-07	 2.500000e+00	 2.500000e+00	
 1.536350e-07	 2.500000e+00	 2.500000e+00	
 1.536400e-07	 2.500000e+00	 2.500000e+00	
 1.536450e-07	 2.500000e+00	 2.500000e+00	
 1.536500e-07	 2.500000e+00	 2.500000e+00	
 1.536550e-07	 2.500000e+00	 2.500000e+00	
 1.536600e-07	 2.500000e+00	 2.500000e+00	
 1.536650e-07	 2.500000e+00	 2.500000e+00	
 1.536700e-07	 2.500000e+00	 2.500000e+00	
 1.536750e-07	 2.500000e+00	 2.500000e+00	
 1.536800e-07	 2.500000e+00	 2.500000e+00	
 1.536850e-07	 2.500000e+00	 2.500000e+00	
 1.536900e-07	 2.500000e+00	 2.500000e+00	
 1.536950e-07	 2.500000e+00	 2.500000e+00	
 1.537000e-07	 2.500000e+00	 2.500000e+00	
 1.537050e-07	 2.500000e+00	 2.500000e+00	
 1.537100e-07	 2.500000e+00	 2.500000e+00	
 1.537150e-07	 2.500000e+00	 2.500000e+00	
 1.537200e-07	 2.500000e+00	 2.500000e+00	
 1.537250e-07	 2.500000e+00	 2.500000e+00	
 1.537300e-07	 2.500000e+00	 2.500000e+00	
 1.537350e-07	 2.500000e+00	 2.500000e+00	
 1.537400e-07	 2.500000e+00	 2.500000e+00	
 1.537450e-07	 2.500000e+00	 2.500000e+00	
 1.537500e-07	 2.500000e+00	 2.500000e+00	
 1.537550e-07	 2.500000e+00	 2.500000e+00	
 1.537600e-07	 2.500000e+00	 2.500000e+00	
 1.537650e-07	 2.500000e+00	 2.500000e+00	
 1.537700e-07	 2.500000e+00	 2.500000e+00	
 1.537750e-07	 2.500000e+00	 2.500000e+00	
 1.537800e-07	 2.500000e+00	 2.500000e+00	
 1.537850e-07	 2.500000e+00	 2.500000e+00	
 1.537900e-07	 2.500000e+00	 2.500000e+00	
 1.537950e-07	 2.500000e+00	 2.500000e+00	
 1.538000e-07	 2.500000e+00	 2.500000e+00	
 1.538050e-07	 2.500000e+00	 2.500000e+00	
 1.538100e-07	 2.500000e+00	 2.500000e+00	
 1.538150e-07	 2.500000e+00	 2.500000e+00	
 1.538200e-07	 2.500000e+00	 2.500000e+00	
 1.538250e-07	 2.500000e+00	 2.500000e+00	
 1.538300e-07	 2.500000e+00	 2.500000e+00	
 1.538350e-07	 2.500000e+00	 2.500000e+00	
 1.538400e-07	 2.500000e+00	 2.500000e+00	
 1.538450e-07	 2.500000e+00	 2.500000e+00	
 1.538500e-07	 2.500000e+00	 2.500000e+00	
 1.538550e-07	 2.500000e+00	 2.500000e+00	
 1.538600e-07	 2.500000e+00	 2.500000e+00	
 1.538650e-07	 2.500000e+00	 2.500000e+00	
 1.538700e-07	 2.500000e+00	 2.500000e+00	
 1.538750e-07	 2.500000e+00	 2.500000e+00	
 1.538800e-07	 2.500000e+00	 2.500000e+00	
 1.538850e-07	 2.500000e+00	 2.500000e+00	
 1.538900e-07	 2.500000e+00	 2.500000e+00	
 1.538950e-07	 2.500000e+00	 2.500000e+00	
 1.539000e-07	 2.500000e+00	 2.500000e+00	
 1.539050e-07	 2.500000e+00	 2.500000e+00	
 1.539100e-07	 2.500000e+00	 2.500000e+00	
 1.539150e-07	 2.500000e+00	 2.500000e+00	
 1.539200e-07	 2.500000e+00	 2.500000e+00	
 1.539250e-07	 2.500000e+00	 2.500000e+00	
 1.539300e-07	 2.500000e+00	 2.500000e+00	
 1.539350e-07	 2.500000e+00	 2.500000e+00	
 1.539400e-07	 2.500000e+00	 2.500000e+00	
 1.539450e-07	 2.500000e+00	 2.500000e+00	
 1.539500e-07	 2.500000e+00	 2.500000e+00	
 1.539550e-07	 2.500000e+00	 2.500000e+00	
 1.539600e-07	 2.500000e+00	 2.500000e+00	
 1.539650e-07	 2.500000e+00	 2.500000e+00	
 1.539700e-07	 2.500000e+00	 2.500000e+00	
 1.539750e-07	 2.500000e+00	 2.500000e+00	
 1.539800e-07	 2.500000e+00	 2.500000e+00	
 1.539850e-07	 2.500000e+00	 2.500000e+00	
 1.539900e-07	 2.500000e+00	 2.500000e+00	
 1.539950e-07	 2.500000e+00	 2.500000e+00	
 1.540000e-07	 2.500000e+00	 2.500000e+00	
 1.540050e-07	 2.500000e+00	 2.500000e+00	
 1.540100e-07	 2.500000e+00	 2.500000e+00	
 1.540150e-07	 2.500000e+00	 2.500000e+00	
 1.540200e-07	 2.500000e+00	 2.500000e+00	
 1.540250e-07	 2.500000e+00	 2.500000e+00	
 1.540300e-07	 2.500000e+00	 2.500000e+00	
 1.540350e-07	 2.500000e+00	 2.500000e+00	
 1.540400e-07	 2.500000e+00	 2.500000e+00	
 1.540450e-07	 2.500000e+00	 2.500000e+00	
 1.540500e-07	 2.500000e+00	 2.500000e+00	
 1.540550e-07	 2.500000e+00	 2.500000e+00	
 1.540600e-07	 2.500000e+00	 2.500000e+00	
 1.540650e-07	 2.500000e+00	 2.500000e+00	
 1.540700e-07	 2.500000e+00	 2.500000e+00	
 1.540750e-07	 2.500000e+00	 2.500000e+00	
 1.540800e-07	 2.500000e+00	 2.500000e+00	
 1.540850e-07	 2.500000e+00	 2.500000e+00	
 1.540900e-07	 2.500000e+00	 2.500000e+00	
 1.540950e-07	 2.500000e+00	 2.500000e+00	
 1.541000e-07	 2.500000e+00	 2.500000e+00	
 1.541050e-07	 2.500000e+00	 2.500000e+00	
 1.541100e-07	 2.500000e+00	 2.500000e+00	
 1.541150e-07	 2.500000e+00	 2.500000e+00	
 1.541200e-07	 2.500000e+00	 2.500000e+00	
 1.541250e-07	 2.500000e+00	 2.500000e+00	
 1.541300e-07	 2.500000e+00	 2.500000e+00	
 1.541350e-07	 2.500000e+00	 2.500000e+00	
 1.541400e-07	 2.500000e+00	 2.500000e+00	
 1.541450e-07	 2.500000e+00	 2.500000e+00	
 1.541500e-07	 2.500000e+00	 2.500000e+00	
 1.541550e-07	 2.500000e+00	 2.500000e+00	
 1.541600e-07	 2.500000e+00	 2.500000e+00	
 1.541650e-07	 2.500000e+00	 2.500000e+00	
 1.541700e-07	 2.500000e+00	 2.500000e+00	
 1.541750e-07	 2.500000e+00	 2.500000e+00	
 1.541800e-07	 2.500000e+00	 2.500000e+00	
 1.541850e-07	 2.500000e+00	 2.500000e+00	
 1.541900e-07	 2.500000e+00	 2.500000e+00	
 1.541950e-07	 2.500000e+00	 2.500000e+00	
 1.542000e-07	 2.500000e+00	 2.500000e+00	
 1.542050e-07	 2.500000e+00	 2.500000e+00	
 1.542100e-07	 2.500000e+00	 2.500000e+00	
 1.542150e-07	 2.500000e+00	 2.500000e+00	
 1.542200e-07	 2.500000e+00	 2.500000e+00	
 1.542250e-07	 2.500000e+00	 2.500000e+00	
 1.542300e-07	 2.500000e+00	 2.500000e+00	
 1.542350e-07	 2.500000e+00	 2.500000e+00	
 1.542400e-07	 2.500000e+00	 2.500000e+00	
 1.542450e-07	 2.500000e+00	 2.500000e+00	
 1.542500e-07	 2.500000e+00	 2.500000e+00	
 1.542550e-07	 2.500000e+00	 2.500000e+00	
 1.542600e-07	 2.500000e+00	 2.500000e+00	
 1.542650e-07	 2.500000e+00	 2.500000e+00	
 1.542700e-07	 2.500000e+00	 2.500000e+00	
 1.542750e-07	 2.500000e+00	 2.500000e+00	
 1.542800e-07	 2.500000e+00	 2.500000e+00	
 1.542850e-07	 2.500000e+00	 2.500000e+00	
 1.542900e-07	 2.500000e+00	 2.500000e+00	
 1.542950e-07	 2.500000e+00	 2.500000e+00	
 1.543000e-07	 2.500000e+00	 2.500000e+00	
 1.543050e-07	 2.500000e+00	 2.500000e+00	
 1.543100e-07	 2.500000e+00	 2.500000e+00	
 1.543150e-07	 2.500000e+00	 2.500000e+00	
 1.543200e-07	 2.500000e+00	 2.500000e+00	
 1.543250e-07	 2.500000e+00	 2.500000e+00	
 1.543300e-07	 2.500000e+00	 2.500000e+00	
 1.543350e-07	 2.500000e+00	 2.500000e+00	
 1.543400e-07	 2.500000e+00	 2.500000e+00	
 1.543450e-07	 2.500000e+00	 2.500000e+00	
 1.543500e-07	 2.500000e+00	 2.500000e+00	
 1.543550e-07	 2.500000e+00	 2.500000e+00	
 1.543600e-07	 2.500000e+00	 2.500000e+00	
 1.543650e-07	 2.500000e+00	 2.500000e+00	
 1.543700e-07	 2.500000e+00	 2.500000e+00	
 1.543750e-07	 2.500000e+00	 2.500000e+00	
 1.543800e-07	 2.500000e+00	 2.500000e+00	
 1.543850e-07	 2.500000e+00	 2.500000e+00	
 1.543900e-07	 2.500000e+00	 2.500000e+00	
 1.543950e-07	 2.500000e+00	 2.500000e+00	
 1.544000e-07	 2.500000e+00	 2.500000e+00	
 1.544050e-07	 2.500000e+00	 2.500000e+00	
 1.544100e-07	 2.500000e+00	 2.500000e+00	
 1.544150e-07	 2.500000e+00	 2.500000e+00	
 1.544200e-07	 2.500000e+00	 2.500000e+00	
 1.544250e-07	 2.500000e+00	 2.500000e+00	
 1.544300e-07	 2.500000e+00	 2.500000e+00	
 1.544350e-07	 2.500000e+00	 2.500000e+00	
 1.544400e-07	 2.500000e+00	 2.500000e+00	
 1.544450e-07	 2.500000e+00	 2.500000e+00	
 1.544500e-07	 2.500000e+00	 2.500000e+00	
 1.544550e-07	 2.500000e+00	 2.500000e+00	
 1.544600e-07	 2.500000e+00	 2.500000e+00	
 1.544650e-07	 2.500000e+00	 2.500000e+00	
 1.544700e-07	 2.500000e+00	 2.500000e+00	
 1.544750e-07	 2.500000e+00	 2.500000e+00	
 1.544800e-07	 2.500000e+00	 2.500000e+00	
 1.544850e-07	 2.500000e+00	 2.500000e+00	
 1.544900e-07	 2.500000e+00	 2.500000e+00	
 1.544950e-07	 2.500000e+00	 2.500000e+00	
 1.545000e-07	 2.500000e+00	 2.500000e+00	
 1.545050e-07	 2.500000e+00	 2.500000e+00	
 1.545100e-07	 2.500000e+00	 2.500000e+00	
 1.545150e-07	 2.500000e+00	 2.500000e+00	
 1.545200e-07	 2.500000e+00	 2.500000e+00	
 1.545250e-07	 2.500000e+00	 2.500000e+00	
 1.545300e-07	 2.500000e+00	 2.500000e+00	
 1.545350e-07	 2.500000e+00	 2.500000e+00	
 1.545400e-07	 2.500000e+00	 2.500000e+00	
 1.545450e-07	 2.500000e+00	 2.500000e+00	
 1.545500e-07	 2.500000e+00	 2.500000e+00	
 1.545550e-07	 2.500000e+00	 2.500000e+00	
 1.545600e-07	 2.500000e+00	 2.500000e+00	
 1.545650e-07	 2.500000e+00	 2.500000e+00	
 1.545700e-07	 2.500000e+00	 2.500000e+00	
 1.545750e-07	 2.500000e+00	 2.500000e+00	
 1.545800e-07	 2.500000e+00	 2.500000e+00	
 1.545850e-07	 2.500000e+00	 2.500000e+00	
 1.545900e-07	 2.500000e+00	 2.500000e+00	
 1.545950e-07	 2.500000e+00	 2.500000e+00	
 1.546000e-07	 2.500000e+00	 2.500000e+00	
 1.546050e-07	 2.500000e+00	 2.500000e+00	
 1.546100e-07	 2.500000e+00	 2.500000e+00	
 1.546150e-07	 2.500000e+00	 2.500000e+00	
 1.546200e-07	 2.500000e+00	 2.500000e+00	
 1.546250e-07	 2.500000e+00	 2.500000e+00	
 1.546300e-07	 2.500000e+00	 2.500000e+00	
 1.546350e-07	 2.500000e+00	 2.500000e+00	
 1.546400e-07	 2.500000e+00	 2.500000e+00	
 1.546450e-07	 2.500000e+00	 2.500000e+00	
 1.546500e-07	 2.500000e+00	 2.500000e+00	
 1.546550e-07	 2.500000e+00	 2.500000e+00	
 1.546600e-07	 2.500000e+00	 2.500000e+00	
 1.546650e-07	 2.500000e+00	 2.500000e+00	
 1.546700e-07	 2.500000e+00	 2.500000e+00	
 1.546750e-07	 2.500000e+00	 2.500000e+00	
 1.546800e-07	 2.500000e+00	 2.500000e+00	
 1.546850e-07	 2.500000e+00	 2.500000e+00	
 1.546900e-07	 2.500000e+00	 2.500000e+00	
 1.546950e-07	 2.500000e+00	 2.500000e+00	
 1.547000e-07	 2.500000e+00	 2.500000e+00	
 1.547050e-07	 2.500000e+00	 2.500000e+00	
 1.547100e-07	 2.500000e+00	 2.500000e+00	
 1.547150e-07	 2.500000e+00	 2.500000e+00	
 1.547200e-07	 2.500000e+00	 2.500000e+00	
 1.547250e-07	 2.500000e+00	 2.500000e+00	
 1.547300e-07	 2.500000e+00	 2.500000e+00	
 1.547350e-07	 2.500000e+00	 2.500000e+00	
 1.547400e-07	 2.500000e+00	 2.500000e+00	
 1.547450e-07	 2.500000e+00	 2.500000e+00	
 1.547500e-07	 2.500000e+00	 2.500000e+00	
 1.547550e-07	 2.500000e+00	 2.500000e+00	
 1.547600e-07	 2.500000e+00	 2.500000e+00	
 1.547650e-07	 2.500000e+00	 2.500000e+00	
 1.547700e-07	 2.500000e+00	 2.500000e+00	
 1.547750e-07	 2.500000e+00	 2.500000e+00	
 1.547800e-07	 2.500000e+00	 2.500000e+00	
 1.547850e-07	 2.500000e+00	 2.500000e+00	
 1.547900e-07	 2.500000e+00	 2.500000e+00	
 1.547950e-07	 2.500000e+00	 2.500000e+00	
 1.548000e-07	 2.500000e+00	 2.500000e+00	
 1.548050e-07	 2.500000e+00	 2.500000e+00	
 1.548100e-07	 2.500000e+00	 2.500000e+00	
 1.548150e-07	 2.500000e+00	 2.500000e+00	
 1.548200e-07	 2.500000e+00	 2.500000e+00	
 1.548250e-07	 2.500000e+00	 2.500000e+00	
 1.548300e-07	 2.500000e+00	 2.500000e+00	
 1.548350e-07	 2.500000e+00	 2.500000e+00	
 1.548400e-07	 2.500000e+00	 2.500000e+00	
 1.548450e-07	 2.500000e+00	 2.500000e+00	
 1.548500e-07	 2.500000e+00	 2.500000e+00	
 1.548550e-07	 2.500000e+00	 2.500000e+00	
 1.548600e-07	 2.500000e+00	 2.500000e+00	
 1.548650e-07	 2.500000e+00	 2.500000e+00	
 1.548700e-07	 2.500000e+00	 2.500000e+00	
 1.548750e-07	 2.500000e+00	 2.500000e+00	
 1.548800e-07	 2.500000e+00	 2.500000e+00	
 1.548850e-07	 2.500000e+00	 2.500000e+00	
 1.548900e-07	 2.500000e+00	 2.500000e+00	
 1.548950e-07	 2.500000e+00	 2.500000e+00	
 1.549000e-07	 2.500000e+00	 2.500000e+00	
 1.549050e-07	 2.500000e+00	 2.500000e+00	
 1.549100e-07	 2.500000e+00	 2.500000e+00	
 1.549150e-07	 2.500000e+00	 2.500000e+00	
 1.549200e-07	 2.500000e+00	 2.500000e+00	
 1.549250e-07	 2.500000e+00	 2.500000e+00	
 1.549300e-07	 2.500000e+00	 2.500000e+00	
 1.549350e-07	 2.500000e+00	 2.500000e+00	
 1.549400e-07	 2.500000e+00	 2.500000e+00	
 1.549450e-07	 2.500000e+00	 2.500000e+00	
 1.549500e-07	 2.500000e+00	 2.500000e+00	
 1.549550e-07	 2.500000e+00	 2.500000e+00	
 1.549600e-07	 2.500000e+00	 2.500000e+00	
 1.549650e-07	 2.500000e+00	 2.500000e+00	
 1.549700e-07	 2.500000e+00	 2.500000e+00	
 1.549750e-07	 2.500000e+00	 2.500000e+00	
 1.549800e-07	 2.500000e+00	 2.500000e+00	
 1.549850e-07	 2.500000e+00	 2.500000e+00	
 1.549900e-07	 2.500000e+00	 2.500000e+00	
 1.549950e-07	 2.500000e+00	 2.500000e+00	
 1.550000e-07	 2.500000e+00	 2.500000e+00	
