 2.200000e-07	 2.500000e+00	 8.485852e-09	
 2.200001e-07	 2.500000e+00	 8.989682e-09	
 2.200003e-07	 2.500000e+00	 7.574469e-09	
 2.200005e-07	 2.500000e+00	 1.151542e-08	
 2.200008e-07	 2.500000e+00	 2.917545e-09	
 2.200010e-07	 2.500000e+00	 7.215525e-09	
 2.200011e-07	 2.499980e+00	-1.676805e-04	
 2.200012e-07	 2.499958e+00	-3.780673e-04	
 2.200014e-07	 2.499918e+00	-7.295754e-04	
 2.200017e-07	 2.499877e+00	-1.106909e-03	
 2.200019e-07	 2.499834e+00	-1.493130e-03	
 2.200020e-07	 2.499827e+00	-1.575775e-03	
 2.200020e-07	 2.499827e+00	-1.561867e-03	
 2.200021e-07	 2.499830e+00	-1.545291e-03	
 2.200022e-07	 2.499832e+00	-1.525597e-03	
 2.200023e-07	 2.499838e+00	-1.483343e-03	
 2.200026e-07	 2.499849e+00	-1.399104e-03	
 2.200032e-07	 2.499870e+00	-1.231861e-03	
 2.200044e-07	 2.499911e+00	-9.022612e-04	
 2.200068e-07	 2.499988e+00	-2.616352e-04	
 2.200117e-07	 2.500122e+00	 9.210703e-04	
 2.200213e-07	 2.500340e+00	 3.161193e-03	
 2.200341e-07	 2.500430e+00	 5.587227e-03	
 2.200582e-07	 2.500429e+00	 1.619518e-02	
 2.200820e-07	 2.500246e+00	 2.393961e-02	
 2.201074e-07	 2.500051e+00	 2.823998e-02	
 2.201574e-07	 2.499806e+00	 3.218726e-02	
 2.202074e-07	 2.499785e+00	 3.351298e-02	
 2.202574e-07	 2.499826e+00	 3.295500e-02	
 2.203074e-07	 2.500023e+00	 3.201111e-02	
 2.203574e-07	 2.500287e+00	 3.173181e-02	
 2.204074e-07	 2.499956e+00	 2.999246e-02	
 2.204513e-07	 2.499651e+00	 2.676479e-02	
 2.204950e-07	 2.499712e+00	 2.345442e-02	
 2.205450e-07	 2.499897e+00	 2.004998e-02	
 2.205950e-07	 2.500006e+00	 1.704036e-02	
 2.206450e-07	 2.500052e+00	 1.440304e-02	
 2.206950e-07	 2.500059e+00	 1.211862e-02	
 2.207450e-07	 2.500052e+00	 1.024819e-02	
 2.207950e-07	 2.500041e+00	 8.632643e-03	
 2.208450e-07	 2.500031e+00	 7.261779e-03	
 2.208950e-07	 2.500023e+00	 6.100136e-03	
 2.209450e-07	 2.500017e+00	 5.119460e-03	
 2.209950e-07	 2.500013e+00	 4.293218e-03	
 2.210450e-07	 2.500010e+00	 3.598312e-03	
 2.210950e-07	 2.500008e+00	 3.014590e-03	
 2.211450e-07	 2.500006e+00	 2.524736e-03	
 2.211950e-07	 2.500005e+00	 2.113952e-03	
 2.212450e-07	 2.500004e+00	 1.769665e-03	
 2.212950e-07	 2.500004e+00	 1.481225e-03	
 2.213450e-07	 2.500003e+00	 1.239665e-03	
 2.213950e-07	 2.500003e+00	 1.037405e-03	
 2.214450e-07	 2.500002e+00	 8.680896e-04	
 2.214950e-07	 2.500002e+00	 7.263683e-04	
 2.215450e-07	 2.500002e+00	 6.077612e-04	
 2.215950e-07	 2.500001e+00	 5.085038e-04	
 2.216450e-07	 2.500001e+00	 4.254474e-04	
 2.216950e-07	 2.500001e+00	 3.559494e-04	
 2.217450e-07	 2.500001e+00	 2.978004e-04	
 2.217950e-07	 2.500001e+00	 2.491475e-04	
 2.218450e-07	 2.500001e+00	 2.084378e-04	
 2.218950e-07	 2.500000e+00	 1.746911e-04	
 2.219450e-07	 2.500000e+00	 1.463788e-04	
 2.219950e-07	 2.500000e+00	 1.226547e-04	
 2.220450e-07	 2.500000e+00	 1.027786e-04	
 2.220950e-07	 2.500000e+00	 8.611830e-05	
 2.221450e-07	 2.500000e+00	 7.216203e-05	
 2.221950e-07	 2.500000e+00	 6.046766e-05	
 2.222450e-07	 2.500000e+00	 5.066943e-05	
 2.222950e-07	 2.500000e+00	 4.252199e-05	
 2.223450e-07	 2.500000e+00	 3.569051e-05	
 2.223950e-07	 2.500000e+00	 2.994840e-05	
 2.224450e-07	 2.500000e+00	 2.514077e-05	
 2.224950e-07	 2.500000e+00	 2.109740e-05	
 2.225450e-07	 2.500000e+00	 1.771297e-05	
 2.225950e-07	 2.500000e+00	 1.486500e-05	
 2.226450e-07	 2.500000e+00	 1.248216e-05	
 2.226950e-07	 2.500000e+00	 1.047537e-05	
 2.227450e-07	 2.500000e+00	 8.797844e-06	
 2.227950e-07	 2.500000e+00	 7.383442e-06	
 2.228450e-07	 2.500000e+00	 6.202429e-06	
 2.228950e-07	 2.500000e+00	 5.281037e-06	
 2.229450e-07	 2.500000e+00	 4.634180e-06	
 2.229950e-07	 2.500000e+00	 4.014190e-06	
 2.230450e-07	 2.500000e+00	 3.501038e-06	
 2.230950e-07	 2.500000e+00	 3.039734e-06	
 2.231450e-07	 2.500000e+00	 2.648917e-06	
 2.231950e-07	 2.500000e+00	 2.300675e-06	
 2.232450e-07	 2.500000e+00	 2.005424e-06	
 2.232950e-07	 2.500000e+00	 1.741783e-06	
 2.233450e-07	 2.500000e+00	 1.535404e-06	
 2.233950e-07	 2.500000e+00	 1.328256e-06	
 2.234450e-07	 2.500000e+00	 1.447018e-06	
 2.234950e-07	 2.500000e+00	 1.166534e-06	
 2.235450e-07	 2.500000e+00	 1.048880e-06	
 2.235950e-07	 2.500000e+00	 8.991229e-07	
 2.236450e-07	 2.500000e+00	 9.709405e-07	
 2.236950e-07	 2.500000e+00	 8.488562e-07	
 2.237450e-07	 2.500000e+00	 9.169125e-07	
 2.237950e-07	 2.500000e+00	 6.409129e-07	
 2.238450e-07	 2.500000e+00	 6.269212e-07	
 2.238950e-07	 2.500000e+00	 5.228467e-07	
 2.239450e-07	 2.500000e+00	 4.645396e-07	
 2.239950e-07	 2.500000e+00	 4.012725e-07	
 2.240450e-07	 2.500000e+00	 4.395262e-07	
 2.240950e-07	 2.500000e+00	 3.008170e-07	
 2.241450e-07	 2.500000e+00	 4.922148e-07	
 2.241950e-07	 2.500000e+00	 3.554887e-07	
 2.242450e-07	 2.500000e+00	 5.265722e-07	
 2.242950e-07	 2.500000e+00	 1.512511e-07	
 2.243450e-07	 2.500000e+00	 2.336428e-07	
 2.243950e-07	 2.500000e+00	 1.659462e-07	
 2.244450e-07	 2.500000e+00	 1.627606e-07	
 2.244950e-07	 2.500000e+00	 1.322225e-07	
 2.245450e-07	 2.500000e+00	 1.592405e-07	
 2.245950e-07	 2.500000e+00	 1.426174e-07	
 2.246450e-07	 2.500000e+00	 1.469308e-07	
 2.246950e-07	 2.500000e+00	 1.154330e-07	
 2.247450e-07	 2.500000e+00	 1.512791e-07	
 2.247950e-07	 2.500000e+00	 6.750210e-08	
 2.248450e-07	 2.500000e+00	 8.229163e-08	
 2.248950e-07	 2.500000e+00	 6.430980e-08	
 2.249450e-07	 2.500000e+00	 8.449387e-08	
 2.249950e-07	 2.500000e+00	 3.761935e-08	
 2.250450e-07	 2.500000e+00	 4.749628e-08	
 2.250950e-07	 2.500000e+00	 3.680718e-08	
 2.251450e-07	 2.500000e+00	 4.983935e-08	
 2.251950e-07	 2.500000e+00	 1.979671e-08	
 2.252450e-07	 2.500000e+00	 2.992871e-08	
 2.252950e-07	 2.500000e+00	 2.142276e-08	
 2.253450e-07	 2.500000e+00	 3.361273e-08	
 2.253950e-07	 2.500000e+00	 8.345680e-09	
 2.254450e-07	 2.500000e+00	 1.746316e-08	
 2.254950e-07	 2.500000e+00	 1.181421e-08	
 2.255450e-07	 2.500000e+00	 2.137334e-08	
 2.255950e-07	 2.500000e+00	 2.149266e-09	
 2.256450e-07	 2.500000e+00	 1.101447e-08	
 2.256950e-07	 2.500000e+00	 6.072771e-09	
 2.257450e-07	 2.500000e+00	 1.609219e-08	
 2.257950e-07	 2.500000e+00	-3.693551e-09	
 2.258450e-07	 2.500000e+00	 7.142565e-09	
 2.258950e-07	 2.500000e+00	 1.455636e-09	
 2.259450e-07	 2.500000e+00	 1.303366e-08	
 2.259950e-07	 2.500000e+00	 1.497911e-08	
 2.260450e-07	 2.500000e+00	 1.067664e-08	
 2.260950e-07	 2.500000e+00	 1.822458e-08	
 2.261450e-07	 2.500000e+00	 3.524491e-09	
 2.261950e-07	 2.500000e+00	 3.027215e-08	
 2.262450e-07	 2.500000e+00	 1.915021e-08	
 2.262950e-07	 2.500000e+00	 2.061822e-08	
 2.263450e-07	 2.500000e+00	 1.593052e-08	
 2.263950e-07	 2.500000e+00	 2.264368e-08	
 2.264450e-07	 2.500000e+00	 8.557861e-09	
 2.264950e-07	 2.500000e+00	 3.225921e-08	
 2.265450e-07	 2.500000e+00	-1.172166e-08	
 2.265950e-07	 2.500000e+00	 3.005657e-09	
 2.266450e-07	 2.500000e+00	-2.179299e-08	
 2.266950e-07	 2.500000e+00	 2.476319e-08	
 2.267450e-07	 2.500000e+00	 1.015100e-08	
 2.267950e-07	 2.500000e+00	 3.539267e-08	
 2.268450e-07	 2.500000e+00	-1.140599e-08	
 2.268950e-07	 2.500000e+00	 3.790687e-09	
 2.269450e-07	 2.500000e+00	-2.218038e-08	
 2.269950e-07	 2.500000e+00	-1.096935e-08	
 2.270450e-07	 2.500000e+00	-1.073069e-08	
 2.270950e-07	 2.500000e+00	-7.955287e-09	
 2.271450e-07	 2.500000e+00	-9.743368e-09	
 2.271950e-07	 2.500000e+00	-3.827933e-09	
 2.272450e-07	 2.500000e+00	-1.138465e-08	
 2.272950e-07	 2.500000e+00	 4.313772e-09	
 2.273450e-07	 2.500000e+00	 2.122052e-09	
 2.273950e-07	 2.500000e+00	 6.986208e-09	
 2.274450e-07	 2.500000e+00	-1.093007e-10	
 2.274950e-07	 2.500000e+00	 1.119274e-09	
 2.275450e-07	 2.500000e+00	 3.464780e-09	
 2.275950e-07	 2.500000e+00	-9.462670e-10	
 2.276450e-07	 2.500000e+00	 9.518660e-09	
 2.276950e-07	 2.500000e+00	-9.669828e-09	
 2.277450e-07	 2.500000e+00	 1.364895e-09	
 2.277950e-07	 2.500000e+00	 5.231426e-09	
 2.278450e-07	 2.500000e+00	-1.558794e-10	
 2.278950e-07	 2.500000e+00	 1.131606e-08	
 2.279450e-07	 2.500000e+00	-8.555836e-09	
 2.279950e-07	 2.500000e+00	 2.885469e-08	
 2.280450e-07	 2.500000e+00	-3.906770e-08	
 2.280950e-07	 2.500000e+00	 8.668860e-08	
 2.281450e-07	 2.500000e+00	 3.223924e-08	
 2.281950e-07	 2.500000e+00	 1.190303e-07	
 2.282450e-07	 2.500000e+00	-4.348747e-08	
 2.282950e-07	 2.500000e+00	 1.051853e-08	
 2.283450e-07	 2.500000e+00	-8.018729e-08	
 2.283950e-07	 2.500000e+00	 9.064211e-08	
 2.284450e-07	 2.500000e+00	-2.082482e-07	
 2.284950e-07	 2.500000e+00	 3.275821e-07	
 2.285450e-07	 2.500000e+00	 1.425428e-07	
 2.285950e-07	 2.500000e+00	 9.543987e-08	
 2.286450e-07	 2.500000e+00	 9.400227e-08	
 2.286950e-07	 2.500000e+00	 8.207949e-08	
 2.287450e-07	 2.500000e+00	 9.008725e-08	
 2.287950e-07	 2.500000e+00	 6.250672e-08	
 2.288450e-07	 2.500000e+00	 1.023615e-07	
 2.288950e-07	 2.500000e+00	 2.027416e-08	
 2.289450e-07	 2.500000e+00	 1.546580e-07	
 2.289950e-07	 2.500000e+00	-9.428848e-08	
 2.290450e-07	 2.500000e+00	 3.387458e-07	
 2.290950e-07	 2.500000e+00	 1.617244e-07	
 2.291450e-07	 2.500000e+00	 1.892943e-07	
 2.291950e-07	 2.500000e+00	 1.462888e-07	
 2.292450e-07	 2.500000e+00	 1.377231e-07	
 2.292950e-07	 2.500000e+00	 1.149162e-07	
 2.293450e-07	 2.500000e+00	 1.363154e-07	
 2.293950e-07	 2.500000e+00	 7.679274e-08	
 2.294450e-07	 2.500000e+00	 8.473999e-08	
 2.294950e-07	 2.500000e+00	 6.600960e-08	
 2.295450e-07	 2.500000e+00	 8.913311e-08	
 2.295950e-07	 2.500000e+00	 3.469106e-08	
 2.296450e-07	 2.500000e+00	 4.924485e-08	
 2.296950e-07	 2.500000e+00	 3.466441e-08	
 2.297450e-07	 2.500000e+00	 5.379893e-08	
 2.297950e-07	 2.500000e+00	 5.082152e-08	
 2.298450e-07	 2.500000e+00	 4.829160e-08	
 2.298950e-07	 2.500000e+00	 4.622975e-08	
 2.299450e-07	 2.500000e+00	 4.318779e-08	
 2.299950e-07	 2.500000e+00	 3.733466e-08	
 2.300450e-07	 2.500000e+00	 4.148267e-08	
 2.300950e-07	 2.500000e+00	 3.318524e-08	
 2.301450e-07	 2.500000e+00	 3.198128e-08	
 2.301950e-07	 2.500000e+00	 3.014212e-08	
 2.302450e-07	 2.500000e+00	 2.972486e-08	
 2.302950e-07	 2.500000e+00	 2.701593e-08	
 2.303450e-07	 2.500000e+00	 2.666351e-08	
 2.303950e-07	 2.500000e+00	 2.341922e-08	
 2.304450e-07	 2.500000e+00	 2.602352e-08	
 2.304950e-07	 2.500000e+00	 1.835389e-08	
 2.305450e-07	 2.500000e+00	 2.969283e-08	
 2.305950e-07	 2.500000e+00	 2.165724e-08	
 2.306450e-07	 2.500000e+00	 3.208436e-08	
 2.306950e-07	 2.500000e+00	 2.270080e-08	
 2.307450e-07	 2.500000e+00	 2.367107e-08	
 2.307950e-07	 2.500000e+00	 1.898005e-08	
 2.308450e-07	 2.500000e+00	 2.577561e-08	
 2.308950e-07	 2.500000e+00	 1.911130e-08	
 2.309450e-07	 2.500000e+00	 2.852603e-08	
 2.309950e-07	 2.500000e+00	 7.944732e-09	
 2.310450e-07	 2.500000e+00	 1.747817e-08	
 2.310950e-07	 2.500000e+00	 1.070311e-08	
 2.311450e-07	 2.500000e+00	 2.312034e-08	
 2.311950e-07	 2.500000e+00	-2.418388e-09	
 2.312450e-07	 2.500000e+00	 1.147110e-08	
 2.312950e-07	 2.500000e+00	 3.246182e-09	
 2.313450e-07	 2.500000e+00	 1.814719e-08	
 2.313950e-07	 2.500000e+00	 1.997465e-08	
 2.314450e-07	 2.500000e+00	 1.500111e-08	
 2.314950e-07	 2.500000e+00	 2.321964e-08	
 2.315450e-07	 2.500000e+00	 6.454920e-09	
 2.315950e-07	 2.500000e+00	 1.157172e-08	
 2.316450e-07	 2.500000e+00	 1.367421e-09	
 2.316950e-07	 2.500000e+00	 2.041044e-08	
 2.317450e-07	 2.500000e+00	 1.337814e-08	
 2.317950e-07	 2.500000e+00	 1.389495e-08	
 2.318450e-07	 2.500000e+00	 1.252336e-08	
 2.318950e-07	 2.500000e+00	 1.372893e-08	
 2.319450e-07	 2.500000e+00	 1.106156e-08	
 2.319950e-07	 2.500000e+00	 1.496874e-08	
 2.320450e-07	 2.500000e+00	 1.455532e-08	
 2.320950e-07	 2.500000e+00	 1.273340e-08	
 2.321450e-07	 2.500000e+00	 1.556757e-08	
 2.321950e-07	 2.500000e+00	 8.852747e-09	
 2.322450e-07	 2.500000e+00	 2.033734e-08	
 2.322950e-07	 2.500000e+00	 1.307199e-08	
 2.323450e-07	 2.500000e+00	 2.434579e-08	
 2.323950e-07	 2.500000e+00	 1.595730e-08	
 2.324450e-07	 2.500000e+00	 1.858262e-08	
 2.324950e-07	 2.500000e+00	 1.121033e-08	
 2.325450e-07	 2.500000e+00	 2.430721e-08	
 2.325950e-07	 2.500000e+00	 1.513424e-08	
 2.326450e-07	 2.500000e+00	 3.020678e-08	
 2.326950e-07	 2.500000e+00	 1.862011e-08	
 2.327450e-07	 2.500000e+00	 2.301164e-08	
 2.327950e-07	 2.500000e+00	 1.073190e-08	
 2.328450e-07	 2.500000e+00	 3.095631e-08	
 2.328950e-07	 2.500000e+00	 3.180715e-08	
 2.329450e-07	 2.500000e+00	 2.638861e-08	
 2.329950e-07	 2.500000e+00	 3.330646e-08	
 2.330450e-07	 2.500000e+00	 1.662077e-08	
 2.330950e-07	 2.500000e+00	 1.978516e-08	
 2.331450e-07	 2.500000e+00	 1.166746e-08	
 2.331950e-07	 2.500000e+00	 2.513549e-08	
 2.332450e-07	 2.500000e+00	 1.945172e-08	
 2.332950e-07	 2.500000e+00	 1.898538e-08	
 2.333450e-07	 2.500000e+00	 1.798654e-08	
 2.333950e-07	 2.500000e+00	 1.805506e-08	
 2.334450e-07	 2.500000e+00	 1.621351e-08	
 2.334950e-07	 2.500000e+00	 1.830616e-08	
 2.335450e-07	 2.500000e+00	 1.744618e-08	
 2.335950e-07	 2.500000e+00	 1.559822e-08	
 2.336450e-07	 2.500000e+00	 1.765797e-08	
 2.336950e-07	 2.500000e+00	 1.172234e-08	
 2.337450e-07	 2.500000e+00	 2.106226e-08	
 2.337950e-07	 2.500000e+00	 1.464871e-08	
 2.338450e-07	 2.500000e+00	 2.397244e-08	
 2.338950e-07	 2.500000e+00	 1.651855e-08	
 2.339450e-07	 2.500000e+00	 1.854049e-08	
 2.339950e-07	 2.500000e+00	 1.215343e-08	
 2.340450e-07	 2.500000e+00	 2.322777e-08	
 2.340950e-07	 2.500000e+00	 1.506887e-08	
 2.341450e-07	 2.500000e+00	 2.674674e-08	
 2.341950e-07	 2.500000e+00	 2.619212e-08	
 2.342450e-07	 2.500000e+00	 2.384930e-08	
 2.342950e-07	 2.500000e+00	 2.569861e-08	
 2.343450e-07	 2.500000e+00	 1.900535e-08	
 2.343950e-07	 2.500000e+00	 1.887667e-08	
 2.344450e-07	 2.500000e+00	 1.739900e-08	
 2.344950e-07	 2.500000e+00	 1.837005e-08	
 2.345450e-07	 2.500000e+00	 1.519474e-08	
 2.345950e-07	 2.500000e+00	 1.941593e-08	
 2.346450e-07	 2.500000e+00	 1.009873e-08	
 2.346950e-07	 2.500000e+00	 1.089530e-08	
 2.347450e-07	 2.500000e+00	 1.065229e-08	
 2.347950e-07	 2.500000e+00	 1.059441e-08	
 2.348450e-07	 2.500000e+00	 1.050365e-08	
 2.348950e-07	 2.500000e+00	 1.022876e-08	
 2.349450e-07	 2.500000e+00	 1.108621e-08	
 2.349950e-07	 2.500000e+00	 9.624981e-09	
 2.350450e-07	 2.500000e+00	 1.221461e-08	
 2.350950e-07	 2.500000e+00	 8.801503e-09	
 2.351450e-07	 2.500000e+00	 1.057464e-08	
 2.351950e-07	 2.500000e+00	 6.810047e-09	
 2.352450e-07	 2.500000e+00	 1.387243e-08	
 2.352950e-07	 2.500000e+00	 9.268092e-09	
 2.353450e-07	 2.500000e+00	 1.679386e-08	
 2.353950e-07	 2.500000e+00	 1.996043e-09	
 2.354450e-07	 2.500000e+00	 9.617737e-09	
 2.354950e-07	 2.500000e+00	 5.580174e-09	
 2.355450e-07	 2.500000e+00	 1.375933e-08	
 2.355950e-07	 2.500000e+00	-2.150499e-09	
 2.356450e-07	 2.500000e+00	 6.103552e-09	
 2.356950e-07	 2.500000e+00	 8.346202e-09	
 2.357450e-07	 2.500000e+00	 4.762038e-09	
 2.357950e-07	 2.500000e+00	 1.193806e-08	
 2.358450e-07	 2.500000e+00	-1.182530e-09	
 2.358950e-07	 2.500000e+00	 2.386807e-08	
 2.359450e-07	 2.500000e+00	-2.184124e-08	
 2.359950e-07	 2.500000e+00	 5.980733e-08	
 2.360450e-07	 2.500000e+00	 2.890789e-08	
 2.360950e-07	 2.500000e+00	 7.772005e-08	
 2.361450e-07	 2.500000e+00	-1.549904e-08	
 2.361950e-07	 2.500000e+00	 1.448179e-07	
 2.362450e-07	 2.500000e+00	 7.805949e-08	
 2.362950e-07	 2.500000e+00	 1.794589e-07	
 2.363450e-07	 2.500000e+00	-1.916411e-08	
 2.363950e-07	 2.500000e+00	 4.086495e-08	
 2.364450e-07	 2.500000e+00	-6.682579e-08	
 2.364950e-07	 2.500000e+00	 1.261040e-07	
 2.365450e-07	 2.500000e+00	-2.175501e-07	
 2.365950e-07	 2.500000e+00	-8.187890e-08	
 2.366450e-07	 2.500000e+00	-2.698457e-07	
 2.366950e-07	 2.500000e+00	-2.609438e-07	
 2.367450e-07	 2.500000e+00	-2.289585e-07	
 2.367950e-07	 2.500000e+00	-2.446790e-07	
 2.368450e-07	 2.500000e+00	-1.747181e-07	
 2.368950e-07	 2.500000e+00	-2.684262e-07	
 2.369450e-07	 2.500000e+00	-1.842911e-07	
 2.369950e-07	 2.500000e+00	-2.973016e-07	
 2.370450e-07	 2.500000e+00	-5.713257e-08	
 2.370950e-07	 2.500000e+00	-1.261245e-07	
 2.371450e-07	 2.500000e+00	-8.186211e-08	
 2.371950e-07	 2.500000e+00	-8.014084e-08	
 2.372450e-07	 2.500000e+00	-6.418552e-08	
 2.372950e-07	 2.500000e+00	-7.881572e-08	
 2.373450e-07	 2.500000e+00	-3.854574e-08	
 2.373950e-07	 2.500000e+00	-9.849594e-08	
 2.374450e-07	 2.500000e+00	-6.061604e-08	
 2.374950e-07	 2.500000e+00	-6.194092e-08	
 2.375450e-07	 2.500000e+00	-4.619742e-08	
 2.375950e-07	 2.500000e+00	-4.594561e-08	
 2.376450e-07	 2.500000e+00	-3.354747e-08	
 2.376950e-07	 2.500000e+00	-4.718940e-08	
 2.377450e-07	 2.500000e+00	-4.275311e-08	
 2.377950e-07	 2.500000e+00	-4.226957e-08	
 2.378450e-07	 2.500000e+00	-3.508773e-08	
 2.378950e-07	 2.500000e+00	-4.084053e-08	
 2.379450e-07	 2.500000e+00	-2.319498e-08	
 2.379950e-07	 2.500000e+00	-2.401546e-08	
 2.380450e-07	 2.500000e+00	-1.828896e-08	
 2.380950e-07	 2.500000e+00	-1.737933e-08	
 2.381450e-07	 2.500000e+00	-1.300819e-08	
 2.381950e-07	 2.500000e+00	-1.676100e-08	
 2.382450e-07	 2.500000e+00	-5.620139e-09	
 2.382950e-07	 2.500000e+00	-2.184259e-08	
 2.383450e-07	 2.500000e+00	-1.084255e-08	
 2.383950e-07	 2.500000e+00	-2.679083e-08	
 2.384450e-07	 2.500000e+00	-1.370229e-08	
 2.384950e-07	 2.500000e+00	-1.532179e-08	
 2.385450e-07	 2.500000e+00	-8.097768e-09	
 2.385950e-07	 2.500000e+00	-1.794227e-08	
 2.386450e-07	 2.500000e+00	-8.234921e-09	
 2.386950e-07	 2.500000e+00	-2.220684e-08	
 2.387450e-07	 2.500000e+00	-9.673444e-09	
 2.387950e-07	 2.500000e+00	-1.184787e-08	
 2.388450e-07	 2.500000e+00	-4.119218e-09	
 2.388950e-07	 2.500000e+00	-8.975979e-10	
 2.389450e-07	 2.500000e+00	-4.926098e-09	
 2.389950e-07	 2.500000e+00	 4.752908e-09	
 2.390450e-07	 2.500000e+00	-1.211482e-08	
 2.390950e-07	 2.500000e+00	 2.004836e-08	
 2.391450e-07	 2.500000e+00	 1.057478e-08	
 2.391950e-07	 2.500000e+00	 1.300837e-08	
 2.392450e-07	 2.500000e+00	 7.904029e-09	
 2.392950e-07	 2.500000e+00	 1.668185e-08	
 2.393450e-07	 2.500000e+00	-8.161292e-11	
 2.393950e-07	 2.500000e+00	 2.964321e-08	
 2.394450e-07	 2.500000e+00	 1.848840e-08	
 2.394950e-07	 2.500000e+00	 3.623271e-08	
 2.395450e-07	 2.500000e+00	 1.747280e-09	
 2.395950e-07	 2.500000e+00	 1.172102e-08	
 2.396450e-07	 2.500000e+00	-6.531728e-09	
 2.396950e-07	 2.500000e+00	 2.658056e-08	
 2.397450e-07	 2.500000e+00	 1.511503e-08	
 2.397950e-07	 2.500000e+00	 3.417056e-08	
 2.398450e-07	 2.500000e+00	-2.226272e-09	
 2.398950e-07	 2.500000e+00	 8.712331e-09	
 2.399450e-07	 2.500000e+00	-1.091954e-08	
 2.399950e-07	 2.500000e+00	 2.526834e-08	
 2.400450e-07	 2.500000e+00	 1.353321e-08	
 2.400950e-07	 2.500000e+00	 1.596134e-08	
 2.401450e-07	 2.500000e+00	 1.030716e-08	
 2.401950e-07	 2.500000e+00	 1.945962e-08	
 2.402450e-07	 2.500000e+00	 1.662251e-09	
 2.402950e-07	 2.500000e+00	 3.261524e-08	
 2.403450e-07	 2.500000e+00	-2.352797e-08	
 2.403950e-07	 2.500000e+00	-3.867670e-09	
 2.404450e-07	 2.500000e+00	-7.233417e-09	
 2.404950e-07	 2.500000e+00	 7.443271e-10	
 2.405450e-07	 2.500000e+00	-1.098275e-08	
 2.405950e-07	 2.500000e+00	 1.142055e-08	
 2.406450e-07	 2.500000e+00	-2.600736e-08	
 2.406950e-07	 2.500000e+00	 4.177729e-08	
 2.407450e-07	 2.500000e+00	 1.873116e-08	
 2.407950e-07	 2.500000e+00	 5.523343e-08	
 2.408450e-07	 2.500000e+00	-1.256880e-08	
 2.408950e-07	 2.500000e+00	 8.219272e-09	
 2.409450e-07	 2.500000e+00	-2.600501e-08	
 2.409950e-07	 2.500000e+00	 3.549526e-08	
 2.410450e-07	 2.500000e+00	 1.607053e-08	
 2.410950e-07	 2.500000e+00	 4.598792e-08	
 2.411450e-07	 2.500000e+00	-7.986425e-09	
 2.411950e-07	 2.500000e+00	 6.336922e-09	
 2.412450e-07	 2.500000e+00	-1.494641e-08	
 2.412950e-07	 2.500000e+00	 2.097063e-08	
 2.413450e-07	 2.500000e+00	 1.514608e-08	
 2.413950e-07	 2.500000e+00	 1.539418e-08	
 2.414450e-07	 2.500000e+00	 1.573277e-08	
 2.414950e-07	 2.500000e+00	 1.505781e-08	
 2.415450e-07	 2.500000e+00	 1.640622e-08	
 2.415950e-07	 2.500000e+00	 1.291252e-08	
 2.416450e-07	 2.500000e+00	 1.956269e-08	
 2.416950e-07	 2.500000e+00	 1.683792e-08	
 2.417450e-07	 2.500000e+00	 1.689833e-08	
 2.417950e-07	 2.500000e+00	 1.476944e-08	
 2.418450e-07	 2.500000e+00	 1.819914e-08	
 2.418950e-07	 2.500000e+00	 9.941934e-09	
 2.419450e-07	 2.500000e+00	 2.459224e-08	
 2.419950e-07	 2.500000e+00	 1.778502e-08	
 2.420450e-07	 2.500000e+00	 2.946921e-08	
 2.420950e-07	 2.500000e+00	 5.154122e-09	
 2.421450e-07	 2.500000e+00	 1.284116e-08	
 2.421950e-07	 2.500000e+00	-3.220737e-09	
 2.422450e-07	 2.500000e+00	 2.721360e-08	
 2.422950e-07	 2.500000e+00	 1.467168e-08	
 2.423450e-07	 2.500000e+00	 3.493396e-08	
 2.423950e-07	 2.500000e+00	 3.651573e-08	
 2.424450e-07	 2.500000e+00	 3.026793e-08	
 2.424950e-07	 2.500000e+00	 3.811170e-08	
 2.425450e-07	 2.500000e+00	 1.999652e-08	
 2.425950e-07	 2.500000e+00	 4.992177e-08	
 2.426450e-07	 2.500000e+00	 2.992075e-08	
 2.426950e-07	 2.500000e+00	 3.469014e-08	
 2.427450e-07	 2.500000e+00	 2.283052e-08	
 2.427950e-07	 2.500000e+00	 2.529927e-08	
 2.428450e-07	 2.500000e+00	 2.102535e-08	
 2.428950e-07	 2.500000e+00	 2.593621e-08	
 2.429450e-07	 2.500000e+00	 1.498518e-08	
 2.429950e-07	 2.500000e+00	 3.199820e-08	
 2.430450e-07	 2.500000e+00	 2.263830e-08	
 2.430950e-07	 2.500000e+00	 3.332803e-08	
 2.431450e-07	 2.500000e+00	 3.074594e-08	
 2.431950e-07	 2.500000e+00	 3.060538e-08	
 2.432450e-07	 2.500000e+00	 2.681107e-08	
 2.432950e-07	 2.500000e+00	 2.963471e-08	
 2.433450e-07	 2.500000e+00	 2.356207e-08	
 2.433950e-07	 2.500000e+00	 2.346058e-08	
 2.434450e-07	 2.500000e+00	 2.152638e-08	
 2.434950e-07	 2.500000e+00	 2.220812e-08	
 2.435450e-07	 2.500000e+00	 1.893518e-08	
 2.435950e-07	 2.500000e+00	 1.913086e-08	
 2.436450e-07	 2.500000e+00	 1.699132e-08	
 2.436950e-07	 2.500000e+00	 1.902339e-08	
 2.437450e-07	 2.500000e+00	 1.388957e-08	
 2.437950e-07	 2.500000e+00	 2.098148e-08	
 2.438450e-07	 2.500000e+00	 7.135432e-09	
 2.438950e-07	 2.500000e+00	 1.327602e-08	
 2.439450e-07	 2.500000e+00	 1.054858e-08	
 2.439950e-07	 2.500000e+00	 1.417872e-08	
 2.440450e-07	 2.500000e+00	 7.236294e-09	
 2.440950e-07	 2.500000e+00	 1.810246e-08	
 2.441450e-07	 2.500000e+00	 1.242240e-08	
 2.441950e-07	 2.500000e+00	 1.358945e-08	
 2.442450e-07	 2.500000e+00	 1.126485e-08	
 2.442950e-07	 2.500000e+00	 1.404283e-08	
 2.443450e-07	 2.500000e+00	 9.131294e-09	
 2.443950e-07	 2.500000e+00	 1.114465e-08	
 2.444450e-07	 2.500000e+00	 8.940515e-09	
 2.444950e-07	 2.500000e+00	 1.011297e-08	
 2.445450e-07	 2.500000e+00	 1.025741e-08	
 2.445950e-07	 2.500000e+00	 8.347337e-09	
 2.446450e-07	 2.500000e+00	 1.312757e-08	
 2.446950e-07	 2.500000e+00	 2.618312e-09	
 2.447450e-07	 2.500000e+00	 2.309523e-08	
 2.447950e-07	 2.500000e+00	 1.245408e-08	
 2.448450e-07	 2.500000e+00	 3.241653e-08	
 2.448950e-07	 2.500000e+00	-7.431801e-09	
 2.449450e-07	 2.500000e+00	 8.707775e-09	
 2.449950e-07	 2.500000e+00	-2.319480e-08	
 2.450450e-07	 2.500000e+00	 3.406245e-08	
 2.450950e-07	 2.500000e+00	 4.266004e-08	
 2.451450e-07	 2.500000e+00	 2.341294e-08	
 2.451950e-07	 2.500000e+00	 5.611906e-08	
 2.452450e-07	 2.500000e+00	-7.772528e-09	
 2.452950e-07	 2.500000e+00	 1.057667e-07	
 2.453450e-07	 2.500000e+00	 5.255208e-08	
 2.453950e-07	 2.500000e+00	 1.339390e-07	
 2.454450e-07	 2.500000e+00	-2.199160e-08	
 2.454950e-07	 2.500000e+00	 2.629196e-08	
 2.455450e-07	 2.500000e+00	-5.744767e-08	
 2.455950e-07	 2.500000e+00	 9.736715e-08	
 2.456450e-07	 2.500000e+00	-1.758558e-07	
 2.456950e-07	 2.500000e+00	 3.115103e-07	
 2.457450e-07	 2.500000e+00	 1.415775e-07	
 2.457950e-07	 2.500000e+00	 9.689944e-08	
 2.458450e-07	 2.500000e+00	 9.455178e-08	
 2.458950e-07	 2.500000e+00	 8.466106e-08	
 2.459450e-07	 2.500000e+00	 8.870436e-08	
 2.459950e-07	 2.500000e+00	 6.798355e-08	
 2.460450e-07	 2.500000e+00	 9.378107e-08	
 2.460950e-07	 2.500000e+00	 3.448979e-08	
 2.461450e-07	 2.500000e+00	 1.326518e-07	
 2.461950e-07	 2.500000e+00	-5.831927e-08	
 2.462450e-07	 2.500000e+00	 2.711616e-07	
 2.462950e-07	 2.500000e+00	-3.238128e-07	
 2.463450e-07	 2.500000e+00	-9.833826e-08	
 2.463950e-07	 2.500000e+00	-1.422509e-07	
 2.464450e-07	 2.500000e+00	-1.261393e-07	
 2.464950e-07	 2.500000e+00	-1.284299e-07	
 2.465450e-07	 2.500000e+00	-1.002097e-07	
 2.465950e-07	 2.500000e+00	-1.281501e-07	
 2.466450e-07	 2.500000e+00	-5.806399e-08	
 2.466950e-07	 2.500000e+00	-1.633966e-07	
 2.467450e-07	 2.500000e+00	 4.173999e-08	
 2.467950e-07	 2.500000e+00	-3.065273e-07	
 2.468450e-07	 2.500000e+00	-1.531881e-07	
 2.468950e-07	 2.500000e+00	-1.723723e-07	
 2.469450e-07	 2.500000e+00	-1.324167e-07	
 2.469950e-07	 2.500000e+00	-1.218593e-07	
 2.470450e-07	 2.500000e+00	-1.000012e-07	
 2.470950e-07	 2.500000e+00	-1.189304e-07	
 2.471450e-07	 2.500000e+00	-6.383121e-08	
 2.471950e-07	 2.500000e+00	-1.444500e-07	
 2.472450e-07	 2.500000e+00	 1.760099e-08	
 2.472950e-07	 2.500000e+00	-2.556494e-07	
 2.473450e-07	 2.500000e+00	 2.474027e-07	
 2.473950e-07	 2.500000e+00	 8.151064e-08	
 2.474450e-07	 2.500000e+00	 4.581514e-08	
 2.474950e-07	 2.500000e+00	 4.944033e-08	
 2.475450e-07	 2.500000e+00	 3.682249e-08	
 2.475950e-07	 2.500000e+00	 5.448651e-08	
 2.476450e-07	 2.500000e+00	 1.608836e-08	
 2.476950e-07	 2.500000e+00	 8.116111e-08	
 2.477450e-07	 2.500000e+00	-3.976902e-08	
 2.477950e-07	 2.500000e+00	 1.701372e-07	
 2.478450e-07	 2.500000e+00	-2.084400e-07	
 2.478950e-07	 2.500000e+00	-6.571013e-08	
 2.479450e-07	 2.500000e+00	-2.668893e-07	
 2.479950e-07	 2.500000e+00	-2.608794e-07	
 2.480450e-07	 2.500000e+00	-2.243746e-07	
 2.480950e-07	 2.500000e+00	-2.490699e-07	
 2.481450e-07	 2.500000e+00	-1.635926e-07	
 2.481950e-07	 2.500000e+00	-2.868826e-07	
 2.482450e-07	 2.500000e+00	-1.874714e-07	
 2.482950e-07	 2.500000e+00	-3.196610e-07	
 2.483450e-07	 2.500000e+00	-4.354720e-08	
 2.483950e-07	 2.500000e+00	-1.123419e-07	
 2.484450e-07	 2.500000e+00	-6.874300e-08	
 2.484950e-07	 2.500000e+00	-7.000586e-08	
 2.485450e-07	 2.500000e+00	-5.287974e-08	
 2.485950e-07	 2.500000e+00	-7.010871e-08	
 2.486450e-07	 2.500000e+00	-6.234946e-08	
 2.486950e-07	 2.500000e+00	-6.338986e-08	
 2.487450e-07	 2.500000e+00	-4.949981e-08	
 2.487950e-07	 2.500000e+00	-6.375302e-08	
 2.488450e-07	 2.500000e+00	-2.721036e-08	
 2.488950e-07	 2.500000e+00	-3.515778e-08	
 2.489450e-07	 2.500000e+00	-2.495464e-08	
 2.489950e-07	 2.500000e+00	-3.618423e-08	
 2.490450e-07	 2.500000e+00	-9.763900e-09	
 2.490950e-07	 2.500000e+00	-1.720353e-08	
 2.491450e-07	 2.500000e+00	-9.956846e-09	
 2.491950e-07	 2.500000e+00	-1.908725e-08	
 2.492450e-07	 2.500000e+00	 1.212423e-09	
 2.492950e-07	 2.500000e+00	-6.161866e-09	
 2.493450e-07	 2.500000e+00	 8.353513e-09	
 2.493950e-07	 2.500000e+00	 2.229385e-09	
 2.494450e-07	 2.500000e+00	 6.208719e-09	
 2.494950e-07	 2.500000e+00	-8.123183e-10	
 2.495450e-07	 2.500000e+00	 1.333883e-08	
 2.495950e-07	 2.500000e+00	 6.399888e-09	
 2.496450e-07	 2.500000e+00	 1.884953e-08	
 2.496950e-07	 2.500000e+00	 1.070047e-08	
 2.497450e-07	 2.500000e+00	 1.422964e-08	
 2.497950e-07	 2.500000e+00	 1.456624e-08	
 2.498450e-07	 2.500000e+00	 1.329973e-08	
 2.498950e-07	 2.500000e+00	 1.499346e-08	
 2.499450e-07	 2.500000e+00	 1.103704e-08	
 2.499950e-07	 2.500000e+00	 1.769710e-08	
 2.500000e-07	 2.500000e+00	 1.057702e-08	
 2.500003e-07	 2.499898e+00	-5.623244e-03	
 2.500005e-07	 2.499808e+00	-1.116707e-02	
 2.500008e-07	 2.499724e+00	-1.649414e-02	
 2.500010e-07	 2.499660e+00	-2.072756e-02	
 2.500011e-07	 2.499670e+00	-2.047843e-02	
 2.500012e-07	 2.499678e+00	-2.014884e-02	
 2.500013e-07	 2.499688e+00	-1.963349e-02	
 2.500017e-07	 2.499708e+00	-1.859973e-02	
 2.500023e-07	 2.499748e+00	-1.653794e-02	
 2.500037e-07	 2.499825e+00	-1.243526e-02	
 2.500063e-07	 2.499973e+00	-4.034302e-03	
 2.500116e-07	 2.500246e+00	 1.266132e-02	
 2.500222e-07	 2.500644e+00	 4.500816e-02	
 2.500433e-07	 2.501064e+00	 1.072405e-01	
 2.500857e-07	 2.501180e+00	 2.277403e-01	
 2.501357e-07	 2.501023e+00	 3.613743e-01	
 2.501857e-07	 2.500992e+00	 4.871579e-01	
 2.502357e-07	 2.501092e+00	 6.099610e-01	
 2.502857e-07	 2.502076e+00	 7.267249e-01	
 2.503357e-07	 2.503925e+00	 8.367052e-01	
 2.503857e-07	 2.505883e+00	 9.397611e-01	
 2.504357e-07	 2.507460e+00	 1.036501e+00	
 2.504857e-07	 2.508539e+00	 1.126594e+00	
 2.505357e-07	 2.509143e+00	 1.209777e+00	
 2.505857e-07	 2.509515e+00	 1.291083e+00	
 2.506357e-07	 2.509289e+00	 1.359711e+00	
 2.506857e-07	 2.509005e+00	 1.408597e+00	
 2.507357e-07	 2.509002e+00	 1.446469e+00	
 2.507857e-07	 2.511382e+00	 1.490001e+00	
 2.508357e-07	 2.519897e+00	 1.560468e+00	
 2.508857e-07	 2.537673e+00	 1.646358e+00	
 2.509357e-07	 2.530934e+00	 1.730531e+00	
 2.509857e-07	 2.434265e+00	 1.810820e+00	
 2.510357e-07	 2.033900e+00	 1.885705e+00	
 2.510857e-07	 1.385509e+00	 1.955861e+00	
 2.511357e-07	 6.775552e-01	 2.021881e+00	
 2.511857e-07	 2.217745e-01	 2.092000e+00	
 2.512272e-07	 8.959934e-02	 2.157013e+00	
 2.512679e-07	 3.444842e-02	 2.209500e+00	
 2.513052e-07	 1.372816e-02	 2.250518e+00	
 2.513539e-07	 4.078191e-03	 2.295473e+00	
 2.514039e-07	 1.450608e-03	 2.333554e+00	
 2.514539e-07	 6.575712e-04	 2.364660e+00	
 2.515039e-07	 3.444561e-04	 2.390033e+00	
 2.515539e-07	 1.928772e-04	 2.410706e+00	
 2.516039e-07	 1.104682e-04	 2.427526e+00	
 2.516539e-07	 6.226588e-05	 2.441198e+00	
 2.517039e-07	 3.369322e-05	 2.452305e+00	
 2.517539e-07	 1.693239e-05	 2.461329e+00	
 2.518039e-07	 7.872007e-06	 2.468515e+00	
 2.518539e-07	 2.428611e-06	 2.474362e+00	
 2.519039e-07	-7.527954e-07	 2.479217e+00	
 2.519539e-07	-2.206343e-06	 2.483083e+00	
 2.520039e-07	-2.857685e-06	 2.486290e+00	
 2.520539e-07	-2.946577e-06	 2.488890e+00	
 2.521039e-07	-2.969358e-06	 2.490998e+00	
 2.521539e-07	-2.826125e-06	 2.492666e+00	
 2.522039e-07	-2.307544e-06	 2.494027e+00	
 2.522539e-07	-2.020319e-06	 2.495135e+00	
 2.523039e-07	-1.654537e-06	 2.496037e+00	
 2.523539e-07	-1.398932e-06	 2.496773e+00	
 2.524039e-07	-1.146161e-06	 2.497372e+00	
 2.524539e-07	-9.513358e-07	 2.497859e+00	
 2.525039e-07	-7.777637e-07	 2.498257e+00	
 2.525539e-07	-6.389583e-07	 2.498580e+00	
 2.526039e-07	-5.209531e-07	 2.498844e+00	
 2.526539e-07	-4.253189e-07	 2.499058e+00	
 2.527039e-07	-3.457719e-07	 2.499233e+00	
 2.527539e-07	-2.810150e-07	 2.499375e+00	
 2.528039e-07	-2.277132e-07	 2.499491e+00	
 2.528539e-07	-1.842677e-07	 2.499586e+00	
 2.529039e-07	-1.486916e-07	 2.499663e+00	
 2.529539e-07	-1.196905e-07	 2.499725e+00	
 2.530039e-07	-9.600341e-08	 2.499776e+00	
 2.530539e-07	-7.024525e-08	 2.499818e+00	
 2.531039e-07	-1.087135e-07	 2.499852e+00	
 2.531539e-07	-6.131451e-08	 2.499879e+00	
 2.532039e-07	-8.903707e-08	 2.499902e+00	
 2.532539e-07	-4.320177e-08	 2.499920e+00	
 2.533039e-07	-6.577700e-08	 2.499935e+00	
 2.533539e-07	-2.679358e-08	 2.499947e+00	
 2.534039e-07	-4.636031e-08	 2.499957e+00	
 2.534539e-07	-1.431233e-08	 2.499965e+00	
 2.535039e-07	-3.158059e-08	 2.499971e+00	
 2.535539e-07	-5.496412e-09	 2.499977e+00	
 2.536039e-07	-2.073290e-08	 2.499981e+00	
 2.536539e-07	 4.608233e-10	 2.499984e+00	
 2.537039e-07	-1.289228e-08	 2.499987e+00	
 2.537539e-07	 4.379466e-09	 2.499990e+00	
 2.538039e-07	-7.219713e-09	 2.499992e+00	
 2.538539e-07	 6.762546e-09	 2.499993e+00	
 2.539039e-07	-3.101327e-09	 2.499994e+00	
 2.539539e-07	 8.134491e-09	 2.499995e+00	
 2.540039e-07	-1.002064e-10	 2.499996e+00	
 2.540539e-07	 1.273516e-08	 2.499996e+00	
 2.541039e-07	-1.735449e-09	 2.499997e+00	
 2.541539e-07	 8.375906e-09	 2.499997e+00	
 2.542039e-07	 4.197333e-09	 2.499998e+00	
 2.542539e-07	 9.821915e-09	 2.499998e+00	
 2.543039e-07	 4.620265e-09	 2.499998e+00	
 2.543539e-07	 8.515991e-09	 2.499999e+00	
 2.544039e-07	 8.335422e-09	 2.499998e+00	
 2.544539e-07	 6.922581e-09	 2.499999e+00	
 2.545039e-07	 9.727609e-09	 2.499998e+00	
 2.545539e-07	 4.977734e-09	 2.499999e+00	
 2.546039e-07	 1.486839e-08	 2.499999e+00	
 2.546539e-07	-2.072397e-09	 2.500000e+00	
 2.547039e-07	 1.344154e-08	 2.500000e+00	
 2.547539e-07	 1.799119e-09	 2.500000e+00	
 2.548039e-07	 1.498234e-08	 2.500000e+00	
 2.548539e-07	 2.323703e-09	 2.500000e+00	
 2.549039e-07	 1.459192e-08	 2.500000e+00	
 2.549539e-07	 2.717337e-09	 2.500000e+00	
 2.550039e-07	 1.385483e-08	 2.500000e+00	
 2.550539e-07	 3.347016e-09	 2.500000e+00	
 2.551039e-07	 1.296531e-08	 2.500000e+00	
 2.551539e-07	 4.200354e-09	 2.500000e+00	
 2.552039e-07	 1.193500e-08	 2.500000e+00	
 2.552539e-07	 2.841743e-09	 2.500000e+00	
 2.553039e-07	 1.488134e-08	 2.500000e+00	
 2.553539e-07	-4.976861e-10	 2.500000e+00	
 2.554039e-07	 1.969640e-08	 2.500000e+00	
 2.554539e-07	 9.308764e-10	 2.500000e+00	
 2.555039e-07	 1.315699e-08	 2.500000e+00	
 2.555539e-07	 1.007139e-08	 2.500000e+00	
 2.556039e-07	 1.083993e-08	 2.500000e+00	
 2.556539e-07	 7.547709e-09	 2.500000e+00	
 2.557039e-07	 1.104996e-08	 2.500000e+00	
 2.557539e-07	 5.383018e-09	 2.500000e+00	
 2.558039e-07	 1.204780e-08	 2.500000e+00	
 2.558539e-07	 3.198359e-09	 2.500000e+00	
 2.559039e-07	 1.505921e-08	 2.500000e+00	
 2.559539e-07	 1.607126e-09	 2.500000e+00	
 2.560039e-07	 8.659569e-09	 2.500000e+00	
 2.560539e-07	 6.008696e-09	 2.500000e+00	
 2.561039e-07	 1.164162e-08	 2.500000e+00	
 2.561539e-07	 4.949862e-09	 2.500000e+00	
 2.562039e-07	 1.374647e-08	 2.500000e+00	
 2.562539e-07	 2.041397e-09	 2.500000e+00	
 2.563039e-07	 1.261812e-08	 2.500000e+00	
 2.563539e-07	 4.868800e-09	 2.500000e+00	
 2.564039e-07	 1.098855e-08	 2.500000e+00	
 2.564539e-07	 6.475115e-09	 2.500000e+00	
 2.565039e-07	 7.966325e-09	 2.500001e+00	
 2.565539e-07	 9.625989e-09	 2.500000e+00	
 2.566039e-07	 5.970315e-09	 2.500001e+00	
 2.566539e-07	 1.035542e-08	 2.500001e+00	
 2.567039e-07	 7.561498e-09	 2.500000e+00	
 2.567539e-07	 1.208935e-08	 2.500000e+00	
 2.568039e-07	 6.087752e-09	 2.500000e+00	
 2.568539e-07	 1.347366e-08	 2.500000e+00	
 2.569039e-07	 6.499463e-09	 2.500000e+00	
 2.569539e-07	 1.056848e-08	 2.500000e+00	
 2.570039e-07	 7.765581e-09	 2.500000e+00	
 2.570539e-07	 9.779722e-09	 2.500000e+00	
 2.571039e-07	 7.567350e-09	 2.500000e+00	
 2.571539e-07	 8.624647e-09	 2.500001e+00	
 2.572039e-07	 8.597235e-09	 2.499999e+00	
 2.572539e-07	 7.768088e-09	 2.499999e+00	
 2.573039e-07	 8.707942e-09	 2.499999e+00	
 2.573539e-07	 7.465739e-09	 2.499999e+00	
 2.574039e-07	 8.462091e-09	 2.500000e+00	
 2.574539e-07	 7.558400e-09	 2.499999e+00	
 2.575039e-07	 6.264788e-09	 2.500000e+00	
 2.575539e-07	 6.893081e-09	 2.500000e+00	
 2.576039e-07	 8.369795e-09	 2.500000e+00	
 2.576539e-07	 7.733721e-09	 2.500000e+00	
 2.577039e-07	 9.018074e-09	 2.500000e+00	
 2.577539e-07	 7.391134e-09	 2.500000e+00	
 2.578039e-07	 9.851714e-09	 2.500000e+00	
 2.578539e-07	 6.300954e-09	 2.500000e+00	
 2.579039e-07	 8.906812e-09	 2.500000e+00	
 2.579539e-07	 6.069354e-09	 2.500000e+00	
 2.580039e-07	 1.079301e-08	 2.500000e+00	
 2.580539e-07	 7.736506e-09	 2.500000e+00	
 2.581039e-07	 7.772962e-09	 2.500000e+00	
 2.581539e-07	 7.704065e-09	 2.500000e+00	
 2.582039e-07	 8.719298e-09	 2.500000e+00	
 2.582539e-07	 6.929462e-09	 2.500000e+00	
 2.583039e-07	 9.768689e-09	 2.500000e+00	
 2.583539e-07	 1.166477e-08	 2.500000e+00	
 2.584039e-07	 9.197327e-09	 2.500000e+00	
 2.584539e-07	 1.203500e-08	 2.500000e+00	
 2.585039e-07	 7.027333e-09	 2.500000e+00	
 2.585539e-07	 1.257631e-08	 2.500000e+00	
 2.586039e-07	 5.036607e-09	 2.500000e+00	
 2.586539e-07	 1.099729e-08	 2.500000e+00	
 2.587039e-07	 7.123515e-09	 2.500000e+00	
 2.587539e-07	 8.995960e-09	 2.500000e+00	
 2.588039e-07	 7.778060e-09	 2.500000e+00	
 2.588539e-07	 8.909053e-09	 2.500000e+00	
 2.589039e-07	 8.175804e-09	 2.500000e+00	
 2.589539e-07	 9.205299e-09	 2.500000e+00	
 2.590039e-07	 9.831436e-09	 2.500001e+00	
 2.590539e-07	 8.781705e-09	 2.500000e+00	
 2.591039e-07	 9.989691e-09	 2.500001e+00	
 2.591539e-07	 7.983804e-09	 2.500000e+00	
 2.592039e-07	 8.640982e-09	 2.500000e+00	
 2.592539e-07	 8.530434e-09	 2.500000e+00	
 2.593039e-07	 8.483912e-09	 2.500001e+00	
 2.593539e-07	 1.075979e-08	 2.500000e+00	
 2.594039e-07	 9.242486e-09	 2.500000e+00	
 2.594539e-07	 8.501074e-09	 2.500000e+00	
 2.595039e-07	 8.669378e-09	 2.500000e+00	
 2.595539e-07	 7.597288e-09	 2.500000e+00	
 2.596039e-07	 9.320003e-09	 2.500000e+00	
 2.596539e-07	 6.318550e-09	 2.500000e+00	
 2.597039e-07	 8.565621e-09	 2.500000e+00	
 2.597539e-07	 5.945559e-09	 2.500000e+00	
 2.598039e-07	 1.059698e-08	 2.500000e+00	
 2.598539e-07	 7.569706e-09	 2.500000e+00	
 2.599039e-07	 7.922029e-09	 2.500000e+00	
 2.599539e-07	 7.252430e-09	 2.500000e+00	
 2.600039e-07	 9.314510e-09	 2.500000e+00	
 2.600539e-07	 6.236226e-09	 2.500000e+00	
 2.601039e-07	 5.634839e-09	 2.500000e+00	
 2.601539e-07	 7.199840e-09	 2.500000e+00	
 2.602039e-07	 5.840723e-09	 2.500000e+00	
 2.602539e-07	 8.509425e-09	 2.500000e+00	
 2.603039e-07	 5.124516e-09	 2.500000e+00	
 2.603539e-07	 1.029575e-08	 2.500000e+00	
 2.604039e-07	 4.192683e-09	 2.500000e+00	
 2.604539e-07	 9.593051e-09	 2.500000e+00	
 2.605039e-07	 6.478867e-09	 2.500000e+00	
 2.605539e-07	 8.618265e-09	 2.500000e+00	
 2.606039e-07	 6.751034e-09	 2.500000e+00	
 2.606539e-07	 9.326502e-09	 2.500000e+00	
 2.607039e-07	 6.455362e-09	 2.500000e+00	
 2.607539e-07	 1.056602e-08	 2.500000e+00	
 2.608039e-07	 8.212546e-09	 2.500000e+00	
 2.608539e-07	 9.977571e-09	 2.500001e+00	
 2.609039e-07	 7.923397e-09	 2.500000e+00	
 2.609539e-07	 5.841676e-09	 2.500000e+00	
 2.610039e-07	 8.113129e-09	 2.500000e+00	
 2.610539e-07	 5.587254e-09	 2.500000e+00	
 2.611039e-07	 9.589420e-09	 2.500000e+00	
 2.611539e-07	 7.456845e-09	 2.500000e+00	
 2.612039e-07	 8.888414e-09	 2.500000e+00	
 2.612539e-07	 7.313256e-09	 2.499999e+00	
 2.613039e-07	 7.397512e-09	 2.499999e+00	
 2.613539e-07	 7.510452e-09	 2.499999e+00	
 2.614039e-07	 7.762972e-09	 2.499999e+00	
 2.614539e-07	 7.662559e-09	 2.500000e+00	
 2.615039e-07	 8.700019e-09	 2.499999e+00	
 2.615539e-07	 7.079850e-09	 2.500000e+00	
 2.616039e-07	 1.044322e-08	 2.499999e+00	
 2.616539e-07	 3.931465e-09	 2.500001e+00	
 2.617039e-07	 9.283405e-09	 2.500000e+00	
 2.617539e-07	 5.738379e-09	 2.500001e+00	
 2.618039e-07	 1.032367e-08	 2.500000e+00	
 2.618539e-07	 5.006132e-09	 2.500001e+00	
 2.619039e-07	 1.205863e-08	 2.500000e+00	
 2.619539e-07	 2.550966e-09	 2.500001e+00	
 2.620039e-07	 1.360014e-08	 2.499999e+00	
 2.620539e-07	 9.033736e-09	 2.499999e+00	
 2.621039e-07	 1.133360e-08	 2.500000e+00	
 2.621539e-07	 6.618261e-09	 2.499999e+00	
 2.622039e-07	 9.084234e-09	 2.500000e+00	
 2.622539e-07	 7.684517e-09	 2.499999e+00	
 2.623039e-07	 8.205981e-09	 2.500000e+00	
 2.623539e-07	 8.867743e-09	 2.500000e+00	
 2.624039e-07	 7.822909e-09	 2.500000e+00	
 2.624539e-07	 7.970240e-09	 2.500000e+00	
 2.625039e-07	 8.747796e-09	 2.500000e+00	
 2.625539e-07	 7.685898e-09	 2.500001e+00	
 2.626039e-07	 1.176771e-08	 2.500000e+00	
 2.626539e-07	 6.731955e-09	 2.500000e+00	
 2.627039e-07	 1.090538e-08	 2.500000e+00	
 2.627539e-07	 5.107732e-09	 2.500000e+00	
 2.628039e-07	 1.152914e-08	 2.500000e+00	
 2.628539e-07	 4.198514e-09	 2.500000e+00	
 2.629039e-07	 1.257462e-08	 2.500000e+00	
 2.629539e-07	 3.130941e-09	 2.500000e+00	
 2.630039e-07	 1.387392e-08	 2.500000e+00	
 2.630539e-07	 1.632369e-09	 2.500000e+00	
 2.631039e-07	 1.574219e-08	 2.500000e+00	
 2.631539e-07	-5.745976e-10	 2.500000e+00	
 2.632039e-07	 1.849044e-08	 2.500000e+00	
 2.632539e-07	-3.803989e-09	 2.500000e+00	
 2.633039e-07	 2.275112e-08	 2.499999e+00	
 2.633539e-07	-8.673895e-09	 2.500000e+00	
 2.634039e-07	 2.331909e-08	 2.499999e+00	
 2.634539e-07	 7.147140e-09	 2.499999e+00	
 2.635039e-07	 1.386713e-08	 2.500000e+00	
 2.635539e-07	 1.958013e-09	 2.500000e+00	
 2.636039e-07	 1.255411e-08	 2.500000e+00	
 2.636539e-07	-1.130924e-10	 2.500000e+00	
 2.637039e-07	 1.713795e-08	 2.500000e+00	
 2.637539e-07	-5.368526e-09	 2.500000e+00	
 2.638039e-07	 1.642310e-08	 2.500000e+00	
 2.638539e-07	 2.436258e-11	 2.500000e+00	
 2.639039e-07	 1.360902e-08	 2.500000e+00	
 2.639539e-07	 3.958135e-09	 2.500000e+00	
 2.640039e-07	 1.014743e-08	 2.500000e+00	
 2.640539e-07	 8.115952e-09	 2.500000e+00	
 2.641039e-07	 6.586541e-09	 2.500000e+00	
 2.641539e-07	 8.381322e-09	 2.500000e+00	
 2.642039e-07	 6.109088e-09	 2.500000e+00	
 2.642539e-07	 9.743370e-09	 2.500000e+00	
 2.643039e-07	 5.258347e-09	 2.500000e+00	
 2.643539e-07	 1.091213e-08	 2.500000e+00	
 2.644039e-07	 4.146499e-09	 2.500000e+00	
 2.644539e-07	 1.006784e-08	 2.500000e+00	
 2.645039e-07	 7.456608e-09	 2.500000e+00	
 2.645539e-07	 6.859269e-09	 2.500000e+00	
 2.646039e-07	 7.989603e-09	 2.500000e+00	
 2.646539e-07	 6.721241e-09	 2.500000e+00	
 2.647039e-07	 9.015348e-09	 2.500000e+00	
 2.647539e-07	 6.341909e-09	 2.500000e+00	
 2.648039e-07	 1.105053e-08	 2.500000e+00	
 2.648539e-07	 7.315830e-09	 2.500000e+00	
 2.649039e-07	 8.873509e-09	 2.500000e+00	
 2.649539e-07	 7.912639e-09	 2.500000e+00	
 2.650039e-07	 6.982417e-09	 2.500000e+00	
 2.650539e-07	 8.108001e-09	 2.500000e+00	
 2.651039e-07	 6.806781e-09	 2.500000e+00	
 2.651539e-07	 9.143376e-09	 2.500000e+00	
 2.652039e-07	 6.992402e-09	 2.500000e+00	
 2.652539e-07	 8.944405e-09	 2.500000e+00	
 2.653039e-07	 6.716144e-09	 2.500000e+00	
 2.653539e-07	 9.350737e-09	 2.500000e+00	
 2.654039e-07	 6.978111e-09	 2.500000e+00	
 2.654539e-07	 9.759452e-09	 2.500000e+00	
 2.655039e-07	 6.643551e-09	 2.499999e+00	
 2.655539e-07	 7.099317e-09	 2.499999e+00	
 2.656039e-07	 7.217097e-09	 2.500000e+00	
 2.656539e-07	 7.790893e-09	 2.499999e+00	
 2.657039e-07	 7.285464e-09	 2.500000e+00	
 2.657539e-07	 9.837544e-09	 2.499999e+00	
 2.658039e-07	 4.612666e-09	 2.500000e+00	
 2.658539e-07	 1.395691e-08	 2.499999e+00	
 2.659039e-07	-4.802522e-10	 2.500000e+00	
 2.659539e-07	 2.038300e-08	 2.499999e+00	
 2.660039e-07	-4.093519e-10	 2.499999e+00	
 2.660539e-07	 1.832257e-08	 2.499999e+00	
 2.661039e-07	-2.461438e-09	 2.499999e+00	
 2.661539e-07	 1.902346e-08	 2.499999e+00	
 2.662039e-07	-3.507037e-09	 2.500000e+00	
 2.662539e-07	 2.030939e-08	 2.499999e+00	
 2.663039e-07	-4.813551e-09	 2.500000e+00	
 2.663539e-07	 2.217132e-08	 2.499999e+00	
 2.664039e-07	-6.908071e-09	 2.500000e+00	
 2.664539e-07	 2.503893e-08	 2.499999e+00	
 2.665039e-07	-5.110099e-09	 2.500000e+00	
 2.665539e-07	 9.096248e-09	 2.500000e+00	
 2.666039e-07	 3.617129e-09	 2.500000e+00	
 2.666539e-07	 1.337598e-08	 2.500000e+00	
 2.667039e-07	 5.103464e-09	 2.500000e+00	
 2.667539e-07	 1.504589e-08	 2.500000e+00	
 2.668039e-07	 5.393629e-09	 2.500000e+00	
 2.668539e-07	 1.164590e-08	 2.500000e+00	
 2.669039e-07	 7.163796e-09	 2.500000e+00	
 2.669539e-07	 8.721596e-09	 2.500000e+00	
 2.670039e-07	 8.236206e-09	 2.500000e+00	
 2.670539e-07	 8.699350e-09	 2.500000e+00	
 2.671039e-07	 9.129011e-09	 2.500000e+00	
 2.671539e-07	 6.444270e-09	 2.500001e+00	
 2.672039e-07	 1.020488e-08	 2.500001e+00	
 2.672539e-07	 7.756096e-09	 2.500000e+00	
 2.673039e-07	 1.166062e-08	 2.500000e+00	
 2.673539e-07	 6.469571e-09	 2.500000e+00	
 2.674039e-07	 1.048506e-08	 2.500000e+00	
 2.674539e-07	 5.863982e-09	 2.500000e+00	
 2.675039e-07	 9.779704e-09	 2.500000e+00	
 2.675539e-07	 8.133571e-09	 2.500000e+00	
 2.676039e-07	 8.524606e-09	 2.500001e+00	
 2.676539e-07	 9.353184e-09	 2.500000e+00	
 2.677039e-07	 6.549187e-09	 2.500001e+00	
 2.677539e-07	 1.380824e-08	 2.500000e+00	
 2.678039e-07	-1.137799e-10	 2.500001e+00	
 2.678539e-07	 1.136482e-08	 2.500000e+00	
 2.679039e-07	 8.207614e-09	 2.500000e+00	
 2.679539e-07	 1.001878e-08	 2.500000e+00	
 2.680039e-07	 8.688449e-09	 2.500000e+00	
 2.680539e-07	 9.295212e-09	 2.500000e+00	
 2.681039e-07	 8.349526e-09	 2.500000e+00	
 2.681539e-07	 9.406378e-09	 2.500000e+00	
 2.682039e-07	 8.003292e-09	 2.500000e+00	
 2.682539e-07	 9.143908e-09	 2.500000e+00	
 2.683039e-07	 7.876203e-09	 2.500000e+00	
 2.683539e-07	 9.116676e-09	 2.500000e+00	
 2.684039e-07	 7.598630e-09	 2.500000e+00	
 2.684539e-07	 8.693444e-09	 2.500000e+00	
 2.685039e-07	 6.441913e-09	 2.500000e+00	
 2.685539e-07	 8.575753e-09	 2.500000e+00	
 2.686039e-07	 5.345235e-09	 2.500000e+00	
 2.686539e-07	 1.000655e-08	 2.500000e+00	
 2.687039e-07	 4.386808e-09	 2.500000e+00	
 2.687539e-07	 1.198915e-08	 2.500000e+00	
 2.688039e-07	 2.469639e-09	 2.500000e+00	
 2.688539e-07	 1.519127e-08	 2.500000e+00	
 2.689039e-07	-1.723204e-09	 2.500000e+00	
 2.689539e-07	 2.099996e-08	 2.500000e+00	
 2.690039e-07	-9.386949e-09	 2.500000e+00	
 2.690539e-07	 3.162712e-08	 2.500000e+00	
 2.691039e-07	-8.138421e-09	 2.500000e+00	
 2.691539e-07	 2.437869e-08	 2.500000e+00	
 2.692039e-07	-4.618141e-09	 2.500000e+00	
 2.692539e-07	 1.963309e-08	 2.500000e+00	
 2.693039e-07	-7.295430e-10	 2.500000e+00	
 2.693539e-07	 1.598528e-08	 2.500000e+00	
 2.694039e-07	 4.640998e-09	 2.500000e+00	
 2.694539e-07	 5.201646e-09	 2.500000e+00	
 2.695039e-07	 6.759173e-09	 2.500000e+00	
 2.695539e-07	 6.333812e-09	 2.500000e+00	
 2.696039e-07	 7.352676e-09	 2.500000e+00	
 2.696539e-07	 7.437306e-09	 2.500000e+00	
 2.697039e-07	 7.258185e-09	 2.500000e+00	
 2.697539e-07	 9.258190e-09	 2.500000e+00	
 2.698039e-07	 6.432737e-09	 2.500000e+00	
 2.698539e-07	 1.088337e-08	 2.499999e+00	
 2.699039e-07	 6.916820e-09	 2.499999e+00	
 2.699539e-07	 1.058928e-08	 2.499999e+00	
 2.700039e-07	 5.749131e-09	 2.499999e+00	
 2.700539e-07	 1.139931e-08	 2.499999e+00	
 2.701039e-07	 4.507730e-09	 2.500000e+00	
 2.701539e-07	 1.211578e-08	 2.499999e+00	
 2.702039e-07	 2.239449e-09	 2.500000e+00	
 2.702539e-07	 1.676932e-08	 2.499999e+00	
 2.703039e-07	-3.545636e-09	 2.500000e+00	
 2.703539e-07	 1.647892e-08	 2.500000e+00	
 2.704039e-07	-6.062764e-10	 2.500000e+00	
 2.704539e-07	 1.761957e-08	 2.500000e+00	
 2.705039e-07	-4.455700e-10	 2.500000e+00	
 2.705539e-07	 1.781114e-08	 2.500000e+00	
 2.706039e-07	-8.444379e-10	 2.500000e+00	
 2.706539e-07	 1.820562e-08	 2.500000e+00	
 2.707039e-07	-1.629493e-09	 2.500000e+00	
 2.707539e-07	 1.913334e-08	 2.500000e+00	
 2.708039e-07	-3.017822e-09	 2.500000e+00	
 2.708539e-07	 2.081011e-08	 2.500000e+00	
 2.709039e-07	-5.325995e-09	 2.500000e+00	
 2.709539e-07	 2.388157e-08	 2.500000e+00	
 2.710039e-07	-4.118369e-09	 2.500000e+00	
 2.710539e-07	 9.108133e-09	 2.500000e+00	
 2.711039e-07	 3.829930e-09	 2.500000e+00	
 2.711539e-07	 1.333740e-08	 2.500000e+00	
 2.712039e-07	 4.859357e-09	 2.500000e+00	
 2.712539e-07	 1.502703e-08	 2.500000e+00	
 2.713039e-07	 1.372917e-09	 2.500000e+00	
 2.713539e-07	 1.903117e-08	 2.500000e+00	
 2.714039e-07	-4.869555e-09	 2.500000e+00	
 2.714539e-07	 1.774925e-08	 2.500000e+00	
 2.715039e-07	-4.073022e-11	 2.500000e+00	
 2.715539e-07	 1.476265e-08	 2.500000e+00	
 2.716039e-07	 3.669673e-09	 2.500000e+00	
 2.716539e-07	 1.122127e-08	 2.500000e+00	
 2.717039e-07	 6.737054e-09	 2.500000e+00	
 2.717539e-07	 8.794525e-09	 2.500001e+00	
 2.718039e-07	 3.792742e-09	 2.500001e+00	
 2.718539e-07	 9.665379e-09	 2.500001e+00	
 2.719039e-07	 6.773293e-09	 2.500000e+00	
 2.719539e-07	 1.130137e-08	 2.500001e+00	
 2.720039e-07	 8.447233e-09	 2.500000e+00	
 2.720539e-07	 9.066724e-09	 2.500001e+00	
 2.721039e-07	 9.681816e-09	 2.500000e+00	
 2.721539e-07	 1.319653e-08	 2.500000e+00	
 2.722039e-07	 7.105155e-09	 2.500000e+00	
 2.722539e-07	 9.553886e-09	 2.500000e+00	
 2.723039e-07	 4.855832e-09	 2.500000e+00	
 2.723539e-07	 9.308704e-09	 2.500000e+00	
 2.724039e-07	 6.907848e-09	 2.500000e+00	
 2.724539e-07	 1.130670e-08	 2.500000e+00	
 2.725039e-07	 7.138974e-09	 2.500000e+00	
 2.725539e-07	 9.099262e-09	 2.500000e+00	
 2.726039e-07	 5.088633e-09	 2.500000e+00	
 2.726539e-07	 8.622407e-09	 2.500000e+00	
 2.727039e-07	 8.290716e-09	 2.500000e+00	
 2.727539e-07	 1.014253e-08	 2.500000e+00	
 2.728039e-07	 5.073942e-09	 2.500000e+00	
 2.728539e-07	 7.507772e-09	 2.500000e+00	
 2.729039e-07	 4.518947e-09	 2.500000e+00	
 2.729539e-07	 5.039912e-09	 2.500000e+00	
 2.730039e-07	 5.854579e-09	 2.499999e+00	
 2.730539e-07	 1.977636e-08	 2.500000e+00	
 2.731039e-07	 2.215686e-09	 2.499999e+00	
 2.731539e-07	 1.346187e-08	 2.500000e+00	
 2.732039e-07	 3.806378e-09	 2.500000e+00	
 2.732539e-07	 1.070971e-08	 2.500000e+00	
 2.733039e-07	 6.127629e-09	 2.500000e+00	
 2.733539e-07	 8.532931e-09	 2.500000e+00	
 2.734039e-07	 1.525215e-09	 2.500000e+00	
 2.734539e-07	 9.017916e-09	 2.500000e+00	
 2.735039e-07	 7.228950e-09	 2.499999e+00	
 2.735539e-07	 1.421852e-08	 2.500000e+00	
 2.736039e-07	 8.908601e-09	 2.499999e+00	
 2.736539e-07	 6.020585e-09	 2.500000e+00	
 2.737039e-07	 1.542824e-08	 2.499999e+00	
 2.737539e-07	 9.498366e-09	 2.499999e+00	
 2.738039e-07	 9.969315e-09	 2.499999e+00	
 2.738539e-07	 4.172974e-09	 2.499999e+00	
 2.739039e-07	 9.195613e-09	 2.499999e+00	
 2.739539e-07	 3.937772e-09	 2.500000e+00	
 2.740039e-07	 1.012793e-08	 2.500000e+00	
 2.740539e-07	 3.865338e-09	 2.500000e+00	
 2.741039e-07	 1.127222e-08	 2.500000e+00	
 2.741539e-07	 3.341144e-09	 2.500000e+00	
 2.742039e-07	 1.265538e-08	 2.500000e+00	
 2.742539e-07	 2.191933e-09	 2.500000e+00	
 2.743039e-07	 1.452959e-08	 2.500000e+00	
 2.743539e-07	 2.359403e-10	 2.500000e+00	
 2.744039e-07	 1.722539e-08	 2.500000e+00	
 2.744539e-07	-2.872544e-09	 2.500000e+00	
 2.745039e-07	 2.138599e-08	 2.499999e+00	
 2.745539e-07	-7.459381e-09	 2.500000e+00	
 2.746039e-07	 2.743660e-08	 2.499999e+00	
 2.746539e-07	-5.545923e-09	 2.499999e+00	
 2.747039e-07	 2.361722e-08	 2.499999e+00	
 2.747539e-07	-7.389446e-09	 2.500000e+00	
 2.748039e-07	 2.367112e-08	 2.499999e+00	
 2.748539e-07	-7.972581e-09	 2.500000e+00	
 2.749039e-07	 2.454166e-08	 2.499999e+00	
 2.749539e-07	-8.847228e-09	 2.500000e+00	
 2.750039e-07	 2.605336e-08	 2.499999e+00	
 2.750539e-07	-1.056858e-08	 2.500000e+00	
 2.751039e-07	 2.860305e-08	 2.499999e+00	
 2.751539e-07	-1.363943e-08	 2.500000e+00	
 2.752039e-07	 3.283355e-08	 2.499999e+00	
 2.752539e-07	-1.874339e-08	 2.500000e+00	
 2.753039e-07	 2.800946e-08	 2.500000e+00	
 2.753539e-07	-1.197937e-08	 2.500000e+00	
 2.754039e-07	 2.926337e-08	 2.500000e+00	
 2.754539e-07	-5.178152e-09	 2.500000e+00	
 2.755039e-07	 8.822380e-09	 2.500000e+00	
 2.755539e-07	 3.415786e-09	 2.500000e+00	
 2.756039e-07	 1.366228e-08	 2.500000e+00	
 2.756539e-07	 3.989940e-09	 2.500000e+00	
 2.757039e-07	 1.356398e-08	 2.500000e+00	
 2.757539e-07	 3.890140e-09	 2.500000e+00	
 2.758039e-07	 1.350602e-08	 2.500000e+00	
 2.758539e-07	 3.576638e-09	 2.500000e+00	
 2.759039e-07	 1.370880e-08	 2.500000e+00	
 2.759539e-07	 3.033908e-09	 2.500000e+00	
 2.760039e-07	 1.423484e-08	 2.500000e+00	
 2.760539e-07	 2.159116e-09	 2.500000e+00	
 2.761039e-07	 1.523311e-08	 2.500000e+00	
 2.761539e-07	 7.690807e-10	 2.500000e+00	
 2.762039e-07	 1.691109e-08	 2.500000e+00	
 2.762539e-07	-1.407267e-09	 2.500000e+00	
 2.763039e-07	 1.954656e-08	 2.500000e+00	
 2.763539e-07	-1.081549e-09	 2.500000e+00	
 2.764039e-07	 8.893671e-09	 2.500000e+00	
 2.764539e-07	 4.930211e-09	 2.500000e+00	
 2.765039e-07	 1.210398e-08	 2.500000e+00	
 2.765539e-07	 5.667408e-09	 2.500000e+00	
 2.766039e-07	 1.345822e-08	 2.500000e+00	
 2.766539e-07	 2.955542e-09	 2.500000e+00	
 2.767039e-07	 1.658236e-08	 2.500000e+00	
 2.767539e-07	-1.851077e-09	 2.500000e+00	
 2.768039e-07	 1.539559e-08	 2.500000e+00	
 2.768539e-07	 2.090138e-09	 2.500000e+00	
 2.769039e-07	 1.299057e-08	 2.500000e+00	
 2.769539e-07	 4.990846e-09	 2.500000e+00	
 2.770039e-07	 1.021889e-08	 2.500000e+00	
 2.770539e-07	 8.037080e-09	 2.500000e+00	
 2.771039e-07	 9.937764e-09	 2.500001e+00	
 2.771539e-07	 7.952919e-09	 2.500000e+00	
 2.772039e-07	 9.250369e-09	 2.500001e+00	
 2.772539e-07	 2.141700e-09	 2.500001e+00	
 2.773039e-07	 1.053667e-08	 2.500001e+00	
 2.773539e-07	 6.268048e-09	 2.500001e+00	
 2.774039e-07	 8.697176e-09	 2.500001e+00	
 2.774539e-07	 7.187228e-09	 2.500000e+00	
 2.775039e-07	 9.239882e-09	 2.500001e+00	
 2.775539e-07	 7.498039e-09	 2.500000e+00	
 2.776039e-07	 9.252564e-09	 2.500001e+00	
 2.776539e-07	 1.112431e-08	 2.500001e+00	
 2.777039e-07	 8.650638e-09	 2.500001e+00	
 2.777539e-07	 1.198370e-08	 2.500001e+00	
 2.778039e-07	 7.322742e-09	 2.500001e+00	
 2.778539e-07	 1.248205e-08	 2.500000e+00	
 2.779039e-07	 6.109725e-09	 2.500000e+00	
 2.779539e-07	 1.180832e-08	 2.500000e+00	
 2.780039e-07	 5.703825e-09	 2.500000e+00	
 2.780539e-07	 1.167178e-08	 2.500000e+00	
 2.781039e-07	 5.470059e-09	 2.500000e+00	
 2.781539e-07	 1.175961e-08	 2.500000e+00	
 2.782039e-07	 5.140500e-09	 2.500000e+00	
 2.782539e-07	 1.206725e-08	 2.500000e+00	
 2.783039e-07	 4.612781e-09	 2.500000e+00	
 2.783539e-07	 1.266891e-08	 2.500000e+00	
 2.784039e-07	 3.781546e-09	 2.500000e+00	
 2.784539e-07	 1.355494e-08	 2.500000e+00	
 2.785039e-07	 2.479336e-09	 2.500000e+00	
 2.785539e-07	 1.508263e-08	 2.500000e+00	
 2.786039e-07	 5.142561e-10	 2.500000e+00	
 2.786539e-07	 1.749662e-08	 2.500000e+00	
 2.787039e-07	-2.518335e-09	 2.500000e+00	
 2.787539e-07	 2.121930e-08	 2.500000e+00	
 2.788039e-07	-7.097280e-09	 2.500001e+00	
 2.788539e-07	 2.720942e-08	 2.500000e+00	
 2.789039e-07	-5.744995e-09	 2.500000e+00	
 2.789539e-07	 2.369351e-08	 2.500000e+00	
 2.790039e-07	-7.126635e-09	 2.500000e+00	
 2.790539e-07	 2.349533e-08	 2.500000e+00	
 2.791039e-07	-7.365809e-09	 2.500000e+00	
 2.791539e-07	 2.392242e-08	 2.500000e+00	
 2.792039e-07	-7.784459e-09	 2.500000e+00	
 2.792539e-07	 2.481493e-08	 2.500000e+00	
 2.793039e-07	-8.841574e-09	 2.500000e+00	
 2.793539e-07	 2.649623e-08	 2.500000e+00	
 2.794039e-07	-1.093855e-08	 2.500000e+00	
 2.794539e-07	 2.948063e-08	 2.499999e+00	
 2.795039e-07	-1.461917e-08	 2.500000e+00	
 2.795539e-07	 3.441623e-08	 2.499999e+00	
 2.796039e-07	-7.795455e-09	 2.500000e+00	
 2.796539e-07	 2.129527e-08	 2.500000e+00	
 2.797039e-07	-5.022637e-09	 2.500000e+00	
 2.797539e-07	 1.916770e-08	 2.500000e+00	
 2.798039e-07	-3.177053e-09	 2.500000e+00	
 2.798539e-07	 1.864592e-08	 2.500000e+00	
 2.799039e-07	-2.725303e-09	 2.500000e+00	
 2.799539e-07	 1.928686e-08	 2.500000e+00	
 2.800000e-07	-3.290795e-09	 2.500000e+00	
