 1.200000e-07	 4.696245e-09	 8.610755e-09	
 1.200003e-07	 7.450641e-05	 1.555164e-03	
 1.200005e-07	 1.469881e-04	 3.070183e-03	
 1.200008e-07	 2.234198e-04	 4.685471e-03	
 1.200010e-07	 3.116948e-04	 6.560404e-03	
 1.200011e-07	 3.072067e-04	 6.491288e-03	
 1.200012e-07	 3.028370e-04	 6.443458e-03	
 1.200013e-07	 2.970989e-04	 6.380324e-03	
 1.200017e-07	 2.850585e-04	 6.239135e-03	
 1.200023e-07	 2.617303e-04	 5.960840e-03	
 1.200037e-07	 2.175675e-04	 5.412279e-03	
 1.200063e-07	 1.397834e-04	 4.368884e-03	
 1.200117e-07	 1.790704e-05	 2.430596e-03	
 1.200223e-07	-1.089112e-04	-6.978361e-04	
 1.200405e-07	-1.874476e-04	-5.614201e-03	
 1.200587e-07	-1.856376e-04	-1.019269e-02	
 1.200877e-07	-1.501545e-04	-1.699595e-02	
 1.201237e-07	-7.350894e-05	-2.384441e-02	
 1.201737e-07	 2.274454e-05	-3.056108e-02	
 1.202237e-07	 5.853991e-05	-3.516977e-02	
 1.202737e-07	 1.052195e-04	-3.527498e-02	
 1.203237e-07	 1.091560e-04	-3.160549e-02	
 1.203737e-07	 6.307461e-05	-2.815685e-02	
 1.204237e-07	 1.021621e-05	-2.519239e-02	
 1.204737e-07	-4.086813e-05	-2.326279e-02	
 1.205237e-07	-1.817387e-05	-2.185193e-02	
 1.205737e-07	 6.941198e-05	-1.954063e-02	
 1.206237e-07	 7.458414e-05	-1.670577e-02	
 1.206737e-07	 9.227459e-06	-1.417545e-02	
 1.207237e-07	-2.545648e-05	-1.213902e-02	
 1.207737e-07	-2.498368e-05	-1.046851e-02	
 1.208237e-07	-1.998034e-05	-9.014521e-03	
 1.208737e-07	-1.488112e-05	-7.756304e-03	
 1.209237e-07	-1.110960e-05	-6.665196e-03	
 1.209737e-07	-9.040742e-06	-5.727578e-03	
 1.210237e-07	-7.217184e-06	-4.917927e-03	
 1.210737e-07	-5.999344e-06	-4.222900e-03	
 1.211237e-07	-4.920077e-06	-3.623702e-03	
 1.211737e-07	-4.182265e-06	-3.109766e-03	
 1.212237e-07	-3.807239e-06	-2.667615e-03	
 1.212737e-07	-3.290176e-06	-2.288557e-03	
 1.213237e-07	-2.838802e-06	-1.962809e-03	
 1.213737e-07	-2.454792e-06	-1.683596e-03	
 1.214237e-07	-2.095506e-06	-1.443806e-03	
 1.214737e-07	-1.811483e-06	-1.238285e-03	
 1.215237e-07	-1.543013e-06	-1.061856e-03	
 1.215737e-07	-1.332226e-06	-9.106399e-04	
 1.216237e-07	-1.134666e-06	-7.808670e-04	
 1.216737e-07	-9.781129e-07	-6.696350e-04	
 1.217237e-07	-8.333562e-07	-5.741960e-04	
 1.217737e-07	-7.172001e-07	-4.923884e-04	
 1.218237e-07	-6.112370e-07	-4.222066e-04	
 1.218737e-07	-5.251850e-07	-3.620457e-04	
 1.219237e-07	-4.476064e-07	-3.104400e-04	
 1.219737e-07	-3.839516e-07	-2.662009e-04	
 1.220237e-07	-3.267662e-07	-2.282526e-04	
 1.220737e-07	-2.803797e-07	-1.957237e-04	
 1.221237e-07	-2.158556e-07	-1.678192e-04	
 1.221737e-07	-1.997026e-07	-1.439002e-04	
 1.222237e-07	-1.657321e-07	-1.233871e-04	
 1.222737e-07	-1.479690e-07	-1.058010e-04	
 1.223237e-07	-1.251789e-07	-9.071959e-05	
 1.223737e-07	-1.088918e-07	-7.778932e-05	
 1.224237e-07	-1.036914e-07	-6.669061e-05	
 1.224737e-07	-9.528232e-08	-5.718755e-05	
 1.225237e-07	-8.708032e-08	-4.902983e-05	
 1.225737e-07	 1.759992e-07	-4.247821e-05	
 1.226237e-07	-2.251613e-07	-3.641238e-05	
 1.226737e-07	-3.021224e-08	-3.123768e-05	
 1.227237e-07	-1.050267e-07	-2.679020e-05	
 1.227737e-07	-2.146824e-08	-2.296862e-05	
 1.228237e-07	-8.374024e-08	-1.969827e-05	
 1.228737e-07	-1.137633e-08	-1.688859e-05	
 1.229237e-07	-6.506476e-08	-1.448398e-05	
 1.229737e-07	-4.507968e-09	-1.255050e-05	
 1.230237e-07	-4.788465e-08	-1.075773e-05	
 1.230737e-07	-1.695502e-09	-9.220537e-06	
 1.231237e-07	-3.436218e-08	-7.919507e-06	
 1.231737e-07	 1.813977e-09	-6.786297e-06	
 1.232237e-07	-2.435137e-08	-5.827334e-06	
 1.232737e-07	-3.327465e-11	-5.197303e-06	
 1.233237e-07	-1.091615e-09	-4.450400e-06	
 1.233737e-07	-2.286007e-08	-5.060458e-06	
 1.234237e-07	 1.655980e-08	-4.118128e-06	
 1.234737e-07	-1.481829e-08	-3.741484e-06	
 1.235237e-07	 1.911281e-08	-3.279394e-06	
 1.235737e-07	-1.059020e-08	-2.918841e-06	
 1.236237e-07	 1.788713e-08	-2.576945e-06	
 1.236737e-07	-2.523858e-08	-2.778405e-06	
 1.237237e-07	 2.295842e-08	-2.321082e-06	
 1.237737e-07	 8.893651e-09	-1.957841e-06	
 1.238237e-07	 1.026839e-08	-1.764613e-06	
 1.238737e-07	 1.135167e-08	-1.562739e-06	
 1.239237e-07	-1.330904e-09	-1.675317e-06	
 1.239737e-07	 1.534213e-08	-1.394882e-06	
 1.240237e-07	-2.558039e-09	-1.264949e-06	
 1.240737e-07	 1.298741e-08	-1.113940e-06	
 1.241237e-07	 8.155609e-09	-9.510059e-07	
 1.241737e-07	 6.018136e-09	-1.088031e-06	
 1.242237e-07	 1.175462e-08	-6.842259e-07	
 1.242737e-07	 1.721561e-09	-6.914583e-07	
 1.243237e-07	 1.255049e-08	-5.724122e-07	
 1.243737e-07	 3.364265e-09	-5.196011e-07	
 1.244237e-07	 6.769060e-09	-4.453536e-07	
 1.244737e-07	 4.980754e-09	-5.089178e-07	
 1.245237e-07	 1.061185e-08	-3.163846e-07	
 1.245737e-07	 6.618245e-10	-5.986009e-07	
 1.246237e-07	 1.585018e-08	-4.319238e-07	
 1.246737e-07	-2.326791e-09	-6.552901e-07	
 1.247237e-07	 2.003932e-08	-2.176850e-07	
 1.247737e-07	 8.527365e-09	-1.137093e-07	
 1.248237e-07	 1.218402e-08	-2.739472e-07	
 1.248737e-07	 7.133200e-09	-1.896075e-07	
 1.249237e-07	 7.153732e-09	-3.062901e-07	
 1.249737e-07	 9.885736e-09	-5.975495e-08	
 1.250237e-07	 6.170257e-09	-1.168288e-07	
 1.250737e-07	 1.124479e-08	 1.247408e-09	
 1.251237e-07	 1.966622e-09	-1.997315e-07	
 1.251737e-07	 1.842416e-08	 1.760444e-07	
 1.252237e-07	-6.038952e-09	-4.194842e-07	
 1.252737e-07	 9.442647e-09	-4.704174e-07	
 1.253237e-07	 7.303380e-09	-3.121086e-07	
 1.253737e-07	 1.234931e-08	-3.072044e-07	
 1.254237e-07	 8.208407e-09	-2.681175e-07	
 1.254737e-07	 1.125604e-08	-2.390836e-07	
 1.255237e-07	 7.087868e-09	-2.088920e-07	
 1.255737e-07	 1.016998e-08	-2.288020e-07	
 1.256237e-07	 7.021063e-09	-1.582465e-07	
 1.256737e-07	 8.093710e-09	-2.422146e-07	
 1.257237e-07	 9.612472e-09	-2.270101e-07	
 1.257737e-07	 7.965749e-09	-2.192970e-07	
 1.258237e-07	 1.096917e-08	-1.992725e-07	
 1.258737e-07	 7.102210e-09	-2.039990e-07	
 1.259237e-07	 1.187656e-08	-1.638753e-07	
 1.259737e-07	 5.575763e-09	-2.078931e-07	
 1.260237e-07	 1.278800e-08	-9.935736e-08	
 1.260737e-07	 3.960642e-09	-2.501556e-07	
 1.261237e-07	 8.727262e-09	-2.466642e-07	
 1.261737e-07	 6.835418e-09	-2.158200e-07	
 1.262237e-07	 1.128019e-08	-2.368241e-07	
 1.262737e-07	 7.587443e-09	-1.653976e-07	
 1.263237e-07	 9.848692e-09	-2.689323e-07	
 1.263737e-07	 6.127799e-09	-4.618504e-08	
 1.264237e-07	 9.508671e-09	-3.859059e-07	
 1.264737e-07	 9.485094e-09	-3.986801e-07	
 1.265237e-07	 9.760567e-09	-3.166053e-07	
 1.265737e-07	 8.413956e-09	-4.182814e-07	
 1.266237e-07	 9.668460e-09	-1.752883e-07	
 1.266737e-07	 1.276303e-08	-2.264505e-07	
 1.267237e-07	 6.275858e-09	-1.142518e-07	
 1.267737e-07	 6.320201e-09	-8.018310e-08	
 1.268237e-07	 6.733946e-09	-1.259382e-07	
 1.268737e-07	 7.511197e-09	-2.575629e-08	
 1.269237e-07	 6.964087e-09	-5.229017e-08	
 1.269737e-07	 8.900939e-09	 3.515569e-09	
 1.270237e-07	 6.444258e-09	-9.299804e-08	
 1.270737e-07	 9.574776e-09	 7.212357e-08	
 1.271237e-07	 8.151770e-09	 9.450107e-08	
 1.271737e-07	 9.175129e-09	 4.209064e-08	
 1.272237e-07	 6.842168e-09	 1.325197e-07	
 1.272737e-07	 7.056773e-09	-4.078676e-08	
 1.273237e-07	 5.659001e-09	 2.205114e-08	
 1.273737e-07	 1.109814e-08	-9.210080e-08	
 1.274237e-07	 8.996955e-09	 9.528323e-08	
 1.274737e-07	 7.027083e-09	 1.173477e-07	
 1.275237e-07	 8.426270e-09	 6.270296e-08	
 1.275737e-07	 7.462058e-09	 1.505776e-07	
 1.276237e-07	 8.499120e-09	 1.022935e-07	
 1.276737e-07	 8.348891e-09	 1.718182e-07	
 1.277237e-07	 6.634098e-09	 2.925685e-08	
 1.277737e-07	 9.263750e-09	 7.148593e-08	
 1.278237e-07	 7.201110e-09	-2.142452e-09	
 1.278737e-07	 8.809759e-09	-1.312688e-08	
 1.279237e-07	 7.871585e-09	 9.236933e-09	
 1.279737e-07	 8.882602e-09	-3.031513e-08	
 1.280237e-07	 8.575996e-09	 4.556760e-08	
 1.280737e-07	 7.247867e-09	-9.071901e-08	
 1.281237e-07	 9.608343e-09	-4.258542e-08	
 1.281737e-07	 8.752710e-09	-2.801401e-08	
 1.282237e-07	 8.510050e-09	-4.945072e-08	
 1.282737e-07	 8.773547e-09	-3.343158e-09	
 1.283237e-07	 8.193798e-09	-1.319295e-08	
 1.283737e-07	 8.415670e-09	 7.955555e-09	
 1.284237e-07	 7.962865e-09	-2.775278e-08	
 1.284737e-07	 8.194698e-09	-1.384917e-08	
 1.285237e-07	 8.478983e-09	-3.440460e-08	
 1.285737e-07	 8.022688e-09	 2.205692e-09	
 1.286237e-07	 7.981854e-09	 9.353286e-09	
 1.286737e-07	 7.953175e-09	-3.154245e-09	
 1.287237e-07	 8.482359e-09	 2.090266e-08	
 1.287737e-07	 7.309180e-09	-2.364618e-08	
 1.288237e-07	 9.569326e-09	 5.824335e-08	
 1.288737e-07	 4.969021e-09	-9.059736e-08	
 1.289237e-07	 1.465250e-08	 1.809001e-07	
 1.289737e-07	 3.329409e-09	 9.209440e-08	
 1.290237e-07	 7.220179e-09	 6.694373e-08	
 1.290737e-07	 7.982424e-09	 1.021101e-07	
 1.291237e-07	 8.273300e-09	 7.876360e-08	
 1.291737e-07	 8.166086e-09	 7.424437e-08	
 1.292237e-07	 9.318755e-09	 7.289400e-08	
 1.292737e-07	 7.226339e-09	 6.469351e-08	
 1.293237e-07	 7.964307e-09	 5.566838e-08	
 1.293737e-07	 7.549508e-09	 6.443579e-08	
 1.294237e-07	 8.693356e-09	 4.084608e-08	
 1.294737e-07	 7.135770e-09	 7.715170e-08	
 1.295237e-07	 8.212821e-09	 3.462888e-09	
 1.295737e-07	 9.209211e-09	 1.296196e-07	
 1.296237e-07	 8.782193e-09	 7.818066e-08	
 1.296737e-07	 7.698504e-09	 6.147624e-08	
 1.297237e-07	 8.919357e-09	 8.414299e-08	
 1.297737e-07	 6.776118e-09	 3.265725e-08	
 1.298237e-07	 8.701789e-09	 4.499935e-08	
 1.298737e-07	 6.428340e-09	 1.617263e-08	
 1.299237e-07	 9.293311e-09	 6.655759e-08	
 1.299737e-07	 8.171887e-09	 4.299943e-08	
 1.300237e-07	 7.524528e-09	 3.399796e-08	
 1.300737e-07	 8.322814e-09	 4.618158e-08	
 1.301237e-07	 7.067888e-09	 1.915192e-08	
 1.301737e-07	 9.092881e-09	 6.497506e-08	
 1.302237e-07	 5.297935e-09	 4.313710e-08	
 1.302737e-07	 1.085694e-08	 7.641864e-08	
 1.303237e-07	 3.897992e-09	 1.712657e-08	
 1.303737e-07	 7.365885e-09	 5.057727e-09	
 1.304237e-07	 5.745399e-09	 2.669205e-08	
 1.304737e-07	 9.945479e-09	-1.455259e-08	
 1.305237e-07	 5.011541e-09	 6.174733e-08	
 1.305737e-07	 1.103254e-08	-8.145490e-08	
 1.306237e-07	 4.717173e-09	 1.853285e-07	
 1.306737e-07	 1.033498e-08	 8.712397e-08	
 1.307237e-07	 6.815909e-09	 2.266189e-07	
 1.307737e-07	 6.500066e-09	 2.250095e-07	
 1.308237e-07	 8.058034e-09	 1.957977e-07	
 1.308737e-07	 6.009250e-09	 2.189795e-07	
 1.309237e-07	 9.550722e-09	 1.471524e-07	
 1.309737e-07	 4.980538e-09	 2.527058e-07	
 1.310237e-07	 9.877092e-09	 1.903300e-07	
 1.310737e-07	 6.172056e-09	 2.699621e-07	
 1.311237e-07	 7.105542e-09	 9.668708e-08	
 1.311737e-07	 8.256501e-09	 1.236521e-07	
 1.312237e-07	 8.007457e-09	 1.128976e-07	
 1.312737e-07	 8.203842e-09	 1.149575e-07	
 1.313237e-07	 8.501160e-09	 9.548985e-08	
 1.313737e-07	 7.373631e-09	 1.168380e-07	
 1.314237e-07	 8.569572e-09	 9.448493e-08	
 1.314737e-07	 8.075469e-09	 8.659574e-08	
 1.315237e-07	 8.184433e-09	 7.498994e-08	
 1.315737e-07	 8.140234e-09	 8.498736e-08	
 1.316237e-07	 8.538631e-09	 5.612879e-08	
 1.316737e-07	 7.843645e-09	 9.949248e-08	
 1.317237e-07	 8.454426e-09	 7.674481e-09	
 1.317737e-07	 8.192167e-09	 1.690013e-07	
 1.318237e-07	 1.183519e-08	 8.612623e-08	
 1.318737e-07	 7.719403e-09	 1.993085e-07	
 1.319237e-07	 6.505368e-09	 1.951408e-07	
 1.319737e-07	 8.915473e-09	 1.738064e-07	
 1.320237e-07	 5.683812e-09	 1.869507e-07	
 1.320737e-07	 9.171116e-09	 1.376728e-07	
 1.321237e-07	 6.808637e-09	 2.033755e-07	
 1.321737e-07	 7.593900e-09	 7.410841e-08	
 1.322237e-07	 8.999587e-09	 4.188486e-08	
 1.322737e-07	 7.435461e-09	 9.276058e-08	
 1.323237e-07	 1.040906e-08	-9.407073e-09	
 1.323737e-07	 6.928158e-09	 1.784512e-07	
 1.324237e-07	 1.032436e-08	 1.037939e-07	
 1.324737e-07	 5.826023e-09	 2.208157e-07	
 1.325237e-07	 9.216475e-09	-1.575132e-08	
 1.325737e-07	 1.436229e-08	 3.915516e-07	
 1.326237e-07	-6.606268e-09	-3.619520e-07	
 1.326737e-07	 2.500843e-08	-1.025005e-07	
 1.327237e-07	-5.836855e-09	-1.622178e-07	
 1.327737e-07	 2.230947e-08	-1.162706e-07	
 1.328237e-07	-2.971973e-09	-1.148229e-07	
 1.328737e-07	 1.928503e-08	-9.205565e-08	
 1.329237e-07	-7.828315e-10	-1.168918e-07	
 1.329737e-07	 1.781222e-08	-5.467030e-08	
 1.330237e-07	 3.424624e-10	-6.618194e-08	
 1.330737e-07	 1.608883e-08	-4.985186e-08	
 1.331237e-07	 1.614584e-09	-6.916236e-08	
 1.331737e-07	 1.535010e-08	-4.797378e-08	
 1.332237e-07	 2.240563e-09	-4.943217e-08	
 1.332737e-07	 1.414320e-08	-3.692242e-08	
 1.333237e-07	 3.329355e-09	-3.599685e-08	
 1.333737e-07	 1.370435e-08	-2.569462e-08	
 1.334237e-07	 3.142913e-09	-4.219779e-08	
 1.334737e-07	 1.374027e-08	-4.384879e-09	
 1.335237e-07	 3.296973e-09	-1.577496e-08	
 1.335737e-07	 1.395915e-08	-4.374754e-09	
 1.336237e-07	 2.792411e-09	-2.415525e-08	
 1.336737e-07	 1.442808e-08	-8.537641e-09	
 1.337237e-07	 1.978847e-09	-1.721909e-08	
 1.337737e-07	 1.483448e-08	 5.066054e-09	
 1.338237e-07	 1.878621e-09	-5.594216e-09	
 1.338737e-07	 1.603507e-08	 6.055341e-09	
 1.339237e-07	 4.523830e-10	-1.813660e-08	
 1.339737e-07	 1.725337e-08	 3.943093e-10	
 1.340237e-07	-1.587241e-09	-1.445676e-08	
 1.340737e-07	 1.831103e-08	 9.552731e-10	
 1.341237e-07	 8.541595e-10	-9.396442e-09	
 1.341737e-07	 1.550390e-08	 2.075699e-08	
 1.342237e-07	 2.575151e-09	-6.094168e-10	
 1.342737e-07	 1.325869e-08	 1.821671e-08	
 1.343237e-07	-3.264503e-11	 3.205301e-09	
 1.343737e-07	 1.281816e-08	 2.019338e-08	
 1.344237e-07	-5.835346e-10	 3.007982e-09	
 1.344737e-07	 1.331152e-08	 1.775129e-08	
 1.345237e-07	 3.612545e-09	 5.972110e-09	
 1.345737e-07	 6.479255e-09	 1.622397e-08	
 1.346237e-07	 8.194355e-09	-1.129030e-08	
 1.346737e-07	 6.294603e-09	 1.815369e-09	
 1.347237e-07	 9.426455e-09	-1.131529e-09	
 1.347737e-07	 7.939565e-09	 5.752314e-09	
 1.348237e-07	 1.206354e-08	-5.974721e-09	
 1.348737e-07	 8.105823e-09	 1.648275e-08	
 1.349237e-07	 1.092063e-08	 8.254632e-09	
 1.349737e-07	 8.212210e-09	 2.117065e-08	
 1.350237e-07	 1.145470e-08	 1.514424e-08	
 1.350737e-07	 6.544629e-09	 1.523630e-08	
 1.351237e-07	 1.034747e-08	 1.539382e-08	
 1.351737e-07	 5.849086e-09	 1.261879e-08	
 1.352237e-07	 9.134313e-09	 1.851558e-08	
 1.352737e-07	 8.921265e-09	 2.124674e-08	
 1.353237e-07	 8.749464e-09	 1.698462e-08	
 1.353737e-07	 8.621459e-09	 2.324247e-08	
 1.354237e-07	 8.541149e-09	 1.166390e-08	
 1.354737e-07	 8.366212e-09	 1.039350e-08	
 1.355237e-07	 8.541148e-09	 1.382705e-08	
 1.355737e-07	 8.181870e-09	 6.649990e-09	
 1.356237e-07	 9.340273e-09	 2.029308e-08	
 1.356737e-07	 6.963801e-09	-3.138965e-09	
 1.357237e-07	 8.070628e-09	-7.529237e-09	
 1.357737e-07	 7.323483e-09	 1.454308e-09	
 1.358237e-07	 9.159734e-09	-1.352271e-08	
 1.358737e-07	 6.825803e-09	 1.620494e-08	
 1.359237e-07	 1.027099e-08	-3.845708e-08	
 1.359737e-07	 6.931816e-09	-1.626432e-08	
 1.360237e-07	 1.047072e-08	-1.841725e-08	
 1.360737e-07	 6.296396e-09	-1.259962e-08	
 1.361237e-07	 7.608793e-09	-1.011109e-08	
 1.361737e-07	 6.916443e-09	-1.286344e-08	
 1.362237e-07	 9.060946e-09	-4.754423e-09	
 1.362737e-07	 6.107507e-09	-1.801473e-08	
 1.363237e-07	 9.015465e-09	 1.021263e-08	
 1.363737e-07	 7.677578e-09	 2.356330e-09	
 1.364237e-07	 7.628020e-09	 1.148146e-09	
 1.364737e-07	 7.906910e-09	 4.132932e-09	
 1.365237e-07	 7.685901e-09	-6.423255e-10	
 1.365737e-07	 8.192669e-09	 9.294042e-09	
 1.366237e-07	 7.510243e-09	-8.453239e-09	
 1.366737e-07	 8.373805e-09	-1.602513e-09	
 1.367237e-07	 7.261044e-09	-1.202036e-08	
 1.367737e-07	 9.682976e-09	 7.976455e-09	
 1.368237e-07	 5.428315e-09	 4.803768e-09	
 1.368737e-07	 1.160296e-08	 1.057748e-08	
 1.369237e-07	 4.565527e-09	 9.617005e-09	
 1.369737e-07	 7.229647e-09	 9.834157e-09	
 1.370237e-07	 5.645456e-09	 9.722350e-09	
 1.370737e-07	 9.743850e-09	 9.253881e-09	
 1.371237e-07	 5.820834e-09	 1.052938e-08	
 1.371737e-07	 7.682639e-09	 1.110465e-08	
 1.372237e-07	 6.450119e-09	 1.017452e-08	
 1.372737e-07	 9.442597e-09	 1.146924e-08	
 1.373237e-07	 5.973611e-09	 9.174914e-09	
 1.373737e-07	 1.086231e-08	 1.261330e-08	
 1.374237e-07	 4.476473e-09	 6.902258e-09	
 1.374737e-07	 1.187967e-08	 1.491493e-08	
 1.375237e-07	 9.177202e-09	 1.432858e-08	
 1.375737e-07	 1.078802e-08	 1.336334e-08	
 1.376237e-07	 6.707024e-09	 1.426871e-08	
 1.376737e-07	 1.133624e-08	 1.087041e-08	
 1.377237e-07	 6.266986e-09	 1.703961e-08	
 1.377737e-07	 1.197352e-08	 1.479501e-08	
 1.378237e-07	 4.984639e-09	 1.502605e-08	
 1.378737e-07	 7.347989e-09	 1.471916e-08	
 1.379237e-07	 6.012186e-09	 1.465958e-08	
 1.379737e-07	 9.548511e-09	 1.372817e-08	
 1.380237e-07	 5.597755e-09	 1.490538e-08	
 1.380737e-07	 1.121664e-08	 1.141186e-08	
 1.381237e-07	 4.154138e-09	 1.742259e-08	
 1.381737e-07	 1.208807e-08	 6.303277e-09	
 1.382237e-07	 9.403135e-09	 3.952792e-09	
 1.382737e-07	 1.090683e-08	 8.407822e-09	
 1.383237e-07	 6.878317e-09	 6.123025e-10	
 1.383737e-07	 1.138455e-08	 1.513135e-08	
 1.384237e-07	 4.916912e-09	-1.195279e-08	
 1.384737e-07	 1.319777e-08	 3.823111e-08	
 1.385237e-07	 2.681844e-09	-4.180070e-08	
 1.385737e-07	 7.481452e-09	-5.030924e-08	
 1.386237e-07	 6.442591e-09	-2.641423e-08	
 1.386737e-07	 9.718982e-09	-6.491328e-08	
 1.387237e-07	 6.776192e-09	 1.614326e-08	
 1.387737e-07	 1.092758e-08	-1.283717e-07	
 1.388237e-07	 5.608720e-09	 1.474159e-07	
 1.388737e-07	 9.419480e-09	 6.175673e-08	
 1.389237e-07	 9.256583e-09	 4.100325e-08	
 1.389737e-07	 7.866549e-09	 4.393592e-08	
 1.390237e-07	 9.891930e-09	 3.345896e-08	
 1.390737e-07	 6.514486e-09	 4.793743e-08	
 1.391237e-07	 9.786800e-09	 1.812133e-08	
 1.391737e-07	 7.932628e-09	 6.681663e-08	
 1.392237e-07	 8.015033e-09	-1.478287e-08	
 1.392737e-07	 8.977488e-09	-2.632975e-08	
 1.393237e-07	 7.902259e-09	-1.672793e-10	
 1.393737e-07	 9.720897e-09	-4.657433e-08	
 1.394237e-07	 6.759849e-09	 4.393341e-08	
 1.394737e-07	 1.235110e-08	 9.936574e-09	
 1.395237e-07	 5.741018e-09	 6.847200e-08	
 1.395737e-07	 9.200735e-09	-4.054424e-08	
 1.396237e-07	 9.830282e-09	 1.544519e-07	
 1.396737e-07	 6.958225e-09	 8.595024e-08	
 1.397237e-07	 8.051486e-09	 6.470148e-08	
 1.397737e-07	 7.185781e-09	 9.555101e-08	
 1.398237e-07	 8.509399e-09	 2.861930e-08	
 1.398737e-07	 7.574223e-09	 4.231899e-08	
 1.399237e-07	 8.963770e-09	 1.228757e-08	
 1.399737e-07	 7.891393e-09	 6.240828e-08	
 1.400237e-07	 9.056044e-09	 4.393778e-08	
 1.400737e-07	 8.562769e-09	 3.678651e-08	
 1.401237e-07	 8.843604e-09	 4.573538e-08	
 1.401737e-07	 7.845428e-09	 2.425959e-08	
 1.402237e-07	 9.445373e-09	 6.038122e-08	
 1.402737e-07	 7.362611e-09	-4.539196e-09	
 1.403237e-07	 8.397498e-09	-1.626454e-08	
 1.403737e-07	 7.636896e-09	 7.589331e-09	
 1.404237e-07	 9.487949e-09	-3.448644e-08	
 1.404737e-07	 8.170964e-09	 4.530105e-08	
 1.405237e-07	 8.774197e-09	-1.002736e-07	
 1.405737e-07	 8.154748e-09	 1.714862e-07	
 1.406237e-07	 2.125472e-09	-3.174247e-07	
 1.406737e-07	 1.581738e-08	-1.359630e-07	
 1.407237e-07	-1.829875e-09	-4.269302e-07	
 1.407737e-07	 1.998152e-08	-2.809894e-07	
 1.408237e-07	-4.285266e-10	-2.814903e-07	
 1.408737e-07	 1.760092e-08	-2.341515e-07	
 1.409237e-07	 1.599227e-09	-2.130291e-07	
 1.409737e-07	 1.483242e-08	-2.142414e-07	
 1.410237e-07	-8.695672e-10	-1.843376e-07	
 1.410737e-07	 2.068941e-08	-1.611224e-07	
 1.411237e-07	-9.669506e-10	-1.776702e-07	
 1.411737e-07	 1.863607e-08	-1.192327e-07	
 1.412237e-07	-1.661844e-09	-2.028097e-07	
 1.412737e-07	 2.025312e-08	-2.562621e-08	
 1.413237e-07	-6.584109e-09	-3.271626e-07	
 1.413737e-07	 3.000056e-08	 2.385384e-07	
 1.414237e-07	-1.302419e-08	 5.557122e-08	
 1.414737e-07	 3.164205e-08	 3.660143e-07	
 1.415237e-07	-1.493210e-08	 2.262218e-07	
 1.415737e-07	 2.848583e-08	 2.375877e-07	
 1.416237e-07	-1.126636e-08	 1.934981e-07	
 1.416737e-07	 2.556848e-08	 1.830354e-07	
 1.417237e-07	-8.026917e-09	 1.530256e-07	
 1.417737e-07	 2.401154e-08	 1.867542e-07	
 1.418237e-07	-7.349390e-09	 9.900902e-08	
 1.418737e-07	 2.352109e-08	 1.152706e-07	
 1.419237e-07	-6.105070e-09	 8.857111e-08	
 1.419737e-07	 2.256683e-08	 8.876386e-08	
 1.420237e-07	-5.364921e-09	 7.214712e-08	
 1.420737e-07	 2.244205e-08	 7.313751e-08	
 1.421237e-07	-3.012878e-09	 5.487499e-08	
 1.421737e-07	 2.127652e-08	 8.601105e-08	
 1.422237e-07	-1.791376e-09	 5.802737e-08	
 1.422737e-07	 1.674096e-08	 5.556667e-08	
 1.423237e-07	 5.879771e-10	 4.447159e-08	
 1.423737e-07	 1.420466e-08	 5.092482e-08	
 1.424237e-07	-1.389100e-09	 3.343805e-08	
 1.424737e-07	 2.034160e-08	 5.769544e-08	
 1.425237e-07	-9.531127e-10	 2.997827e-08	
 1.425737e-07	 1.699600e-08	 4.566344e-08	
 1.426237e-07	-4.283018e-09	 3.188721e-08	
 1.426737e-07	 1.805865e-08	 6.526889e-08	
 1.427237e-07	-8.915653e-09	 3.018714e-08	
 1.427737e-07	 1.826256e-08	 4.125393e-08	
 1.428237e-07	-2.709814e-09	 1.873450e-08	
 1.428737e-07	 1.733007e-08	 3.271769e-08	
 1.429237e-07	 1.350057e-10	 1.848139e-08	
 1.429737e-07	 1.605916e-08	 4.460618e-08	
 1.430237e-07	-3.387724e-10	 3.549575e-09	
 1.430737e-07	 1.579841e-08	 3.264005e-08	
 1.431237e-07	 4.486977e-09	-7.868412e-09	
 1.431737e-07	 1.298062e-08	 1.505269e-08	
 1.432237e-07	 5.940354e-09	-1.322887e-08	
 1.432737e-07	 1.128720e-08	 1.568657e-08	
 1.433237e-07	 6.849644e-09	-1.516415e-08	
 1.433737e-07	 9.908588e-09	 7.283023e-09	
 1.434237e-07	 7.486003e-09	-2.480182e-08	
 1.434737e-07	 8.955921e-09	 9.877933e-10	
 1.435237e-07	 3.153637e-08	-3.498299e-08	
 1.435737e-07	-1.423906e-09	-1.541110e-09	
 1.436237e-07	 2.937007e-08	 3.799518e-08	
 1.436737e-07	-4.527917e-09	-1.584747e-07	
 1.437237e-07	 2.605155e-08	-9.950246e-08	
 1.437737e-07	 6.274679e-09	-3.638123e-08	
 1.438237e-07	 1.491248e-08	-1.265524e-07	
 1.438737e-07	 1.577418e-09	-1.172338e-07	
 1.439237e-07	 5.164384e-09	-1.144141e-07	
 1.439737e-07	-1.738530e-09	-9.823330e-08	
 1.440237e-07	 5.158174e-09	-8.908423e-08	
 1.440737e-07	 2.687429e-09	-7.636937e-08	
 1.441237e-07	 3.228456e-09	-8.783221e-08	
 1.441737e-07	 4.270893e-09	-5.383160e-08	
 1.442237e-07	 2.494664e-09	-9.844608e-08	
 1.442737e-07	 4.943058e-09	-9.466117e-08	
 1.443237e-07	 3.647058e-09	-8.722103e-08	
 1.443737e-07	 7.556662e-09	-8.638142e-08	
 1.444237e-07	 5.339345e-09	-7.515883e-08	
 1.444737e-07	 8.745176e-09	-8.136858e-08	
 1.445237e-07	 6.664361e-09	-6.038785e-08	
 1.445737e-07	 7.307768e-09	-4.942049e-08	
 1.446237e-07	 6.308024e-09	-6.130751e-08	
 1.446737e-07	 8.680454e-09	-3.007529e-08	
 1.447237e-07	 5.538066e-09	-8.055355e-08	
 1.447737e-07	 9.682719e-09	 2.244235e-08	
 1.448237e-07	 7.325549e-09	-9.339435e-09	
 1.448737e-07	 6.931382e-09	-1.306942e-08	
 1.449237e-07	 8.037279e-09	-3.228760e-09	
 1.449737e-07	 6.518307e-09	-1.887073e-08	
 1.450237e-07	 8.555256e-09	-1.180934e-08	
 1.450737e-07	 5.752622e-09	-2.125230e-08	
 1.451237e-07	 1.039936e-08	-1.303440e-09	
 1.451737e-07	 6.395503e-09	-3.114537e-09	
 1.452237e-07	 7.553720e-09	-1.670402e-09	
 1.452737e-07	 6.963975e-09	-2.439571e-09	
 1.453237e-07	 8.768809e-09	 2.481681e-10	
 1.453737e-07	 7.643485e-09	-3.027909e-09	
 1.454237e-07	 9.268388e-09	 3.274095e-09	
 1.454737e-07	 6.483155e-09	-5.629173e-09	
 1.455237e-07	 1.177947e-08	 1.015970e-08	
 1.455737e-07	 3.636489e-09	-1.527490e-08	
 1.456237e-07	 1.302776e-08	-6.394838e-09	
 1.456737e-07	 9.533497e-09	-4.299746e-09	
 1.457237e-07	 1.085330e-08	-7.193780e-09	
 1.457737e-07	 7.065790e-09	 4.972624e-10	
 1.458237e-07	 1.118778e-08	-1.274993e-08	
 1.458737e-07	 7.269992e-09	 1.123105e-08	
 1.459237e-07	 7.674617e-09	 1.588284e-08	
 1.459737e-07	 7.778474e-09	 6.980296e-09	
 1.460237e-07	 8.013101e-09	 2.270470e-08	
 1.460737e-07	 7.932413e-09	-6.810878e-09	
 1.461237e-07	 8.280476e-09	 4.866487e-08	
 1.461737e-07	 8.648428e-09	-5.472868e-08	
 1.462237e-07	 8.613429e-09	-2.223665e-08	
 1.462737e-07	 8.131363e-09	-1.349274e-08	
 1.463237e-07	 8.586478e-09	-2.659271e-08	
 1.463737e-07	 7.679316e-09	 2.688937e-09	
 1.464237e-07	 9.284785e-09	-4.908561e-08	
 1.464737e-07	 5.655138e-09	-2.428176e-08	
 1.465237e-07	 1.000436e-08	-6.334948e-08	
 1.465737e-07	 7.800380e-09	 1.475140e-08	
 1.466237e-07	 9.217355e-09	-7.678299e-09	
 1.466737e-07	 8.106546e-09	 3.557974e-08	
 1.467237e-07	 7.918056e-09	-3.382059e-08	
 1.467737e-07	 8.809340e-09	-4.234587e-08	
 1.468237e-07	 7.894585e-09	-2.081612e-08	
 1.468737e-07	 9.638414e-09	-5.431274e-08	
 1.469237e-07	 7.065997e-09	 1.335655e-08	
 1.469737e-07	 1.054131e-08	-1.099589e-07	
 1.470237e-07	 9.672437e-09	 9.347976e-08	
 1.470737e-07	 6.813560e-09	 1.207409e-07	
 1.471237e-07	 9.592683e-09	 5.607879e-08	
 1.471737e-07	 4.667008e-09	 1.668211e-07	
 1.472237e-07	 1.073321e-08	-5.208533e-08	
 1.472737e-07	 4.104719e-09	 3.433864e-07	
 1.473237e-07	 8.992892e-09	 2.005682e-07	
 1.473737e-07	 9.189717e-09	 1.532535e-07	
 1.474237e-07	 8.213373e-09	 1.442916e-07	
 1.474737e-07	 9.268782e-09	 1.403043e-07	
 1.475237e-07	 7.154585e-09	 1.271876e-07	
 1.475737e-07	 9.191069e-09	 1.336148e-07	
 1.476237e-07	 6.513961e-09	 1.031119e-07	
 1.476737e-07	 1.182097e-08	 9.690029e-08	
 1.477237e-07	 4.302435e-09	 9.214463e-08	
 1.477737e-07	 1.142337e-08	 8.932516e-08	
 1.478237e-07	 2.580640e-09	 7.910735e-08	
 1.478737e-07	 1.557128e-08	 8.742940e-08	
 1.479237e-07	-2.012063e-09	 7.415051e-08	
 1.479737e-07	 1.536319e-08	 6.875687e-08	
 1.480237e-07	-5.023295e-09	 7.010946e-08	
 1.480737e-07	 1.632539e-08	 5.925972e-08	
 1.481237e-07	-2.382952e-10	 7.091340e-08	
 1.481737e-07	 2.049433e-08	 4.011868e-08	
 1.482237e-07	 1.089966e-09	 8.756162e-08	
 1.482737e-07	 1.457807e-08	-6.775641e-09	
 1.483237e-07	 6.030074e-09	 1.583754e-07	
 1.483737e-07	 6.686368e-09	-1.466502e-07	
 1.484237e-07	 7.435097e-09	-4.099740e-08	
 1.484737e-07	 8.479350e-09	-2.178106e-07	
 1.485237e-07	 5.551903e-09	-1.335138e-07	
 1.485737e-07	 9.075000e-09	-1.406272e-07	
 1.486237e-07	 7.903179e-09	-1.101381e-07	
 1.486737e-07	 1.316934e-08	-1.046327e-07	
 1.487237e-07	 6.531191e-09	-9.513386e-08	
 1.487737e-07	 1.038112e-08	-8.890786e-08	
 1.488237e-07	 7.772600e-09	-7.241084e-08	
 1.488737e-07	 1.279877e-08	-9.057659e-08	
 1.489237e-07	 8.840195e-09	-3.895876e-08	
 1.489737e-07	 7.967731e-09	-5.450571e-08	
 1.490237e-07	 5.575534e-09	-3.490562e-08	
 1.490737e-07	 1.344801e-08	-3.943264e-08	
 1.491237e-07	 7.772579e-09	-1.684061e-08	
 1.491737e-07	 7.901927e-09	-3.137537e-08	
 1.492237e-07	 4.008061e-09	-1.291899e-08	
 1.492737e-07	 1.079044e-08	-2.279552e-08	
 1.493237e-07	 4.652859e-09	 8.847299e-09	
 1.493737e-07	 9.782549e-09	-1.232922e-08	
 1.494237e-07	 8.843850e-09	-6.560682e-09	
 1.494737e-07	 1.053721e-08	-1.958827e-08	
 1.495237e-07	 7.466771e-09	 5.183517e-09	
 1.495737e-07	 9.034514e-09	 4.216620e-09	
 1.496237e-07	 8.378785e-09	 5.711257e-09	
 1.496737e-07	 1.048304e-08	 3.067525e-09	
 1.497237e-07	 8.349002e-09	 4.196577e-09	
 1.497737e-07	 1.068465e-08	 5.087927e-09	
 1.498237e-07	 9.350309e-09	 7.488282e-09	
 1.498737e-07	 9.174033e-09	 4.820682e-09	
 1.499237e-07	 8.305185e-09	 1.033281e-08	
 1.499737e-07	 9.061513e-09	 1.566591e-09	
 1.500000e-07	 7.532839e-09	 4.403171e-09	
 1.500003e-07	-1.889994e-04	-4.799018e-03	
 1.500005e-07	-3.725422e-04	-9.529762e-03	
 1.500008e-07	-5.475688e-04	-1.407617e-02	
 1.500010e-07	-6.823999e-04	-1.767263e-02	
 1.500011e-07	-6.706008e-04	-1.746089e-02	
 1.500012e-07	-6.555507e-04	-1.718037e-02	
 1.500013e-07	-6.317591e-04	-1.673845e-02	
 1.500017e-07	-5.847435e-04	-1.585272e-02	
 1.500023e-07	-4.934530e-04	-1.408624e-02	
 1.500037e-07	-3.213101e-04	-1.057137e-02	
 1.500063e-07	-7.967952e-06	-3.409570e-03	
 1.500116e-07	 5.043547e-04	 1.082298e-02	
 1.500222e-07	 1.135738e-03	 3.838665e-02	
 1.500433e-07	 1.516438e-03	 9.139063e-02	
 1.500857e-07	 1.202099e-03	 1.940846e-01	
 1.501357e-07	 6.678859e-04	 3.120672e-01	
 1.501857e-07	 2.401109e-04	 4.192432e-01	
 1.502357e-07	 8.844609e-05	 5.252856e-01	
 1.502857e-07	-2.644396e-04	 6.281383e-01	
 1.503357e-07	-8.854110e-04	 7.260804e-01	
 1.503857e-07	-1.533581e-03	 8.187053e-01	
 1.504357e-07	-2.123477e-03	 9.062125e-01	
 1.504857e-07	-2.578255e-03	 9.891199e-01	
 1.505357e-07	-2.997929e-03	 1.067314e+00	
 1.505857e-07	-3.340292e-03	 1.140509e+00	
 1.506357e-07	-3.669517e-03	 1.208841e+00	
 1.506857e-07	-4.036724e-03	 1.276888e+00	
 1.507357e-07	-4.972663e-03	 1.334615e+00	
 1.507857e-07	-6.302632e-03	 1.376919e+00	
 1.508357e-07	-5.802929e-03	 1.408665e+00	
 1.508857e-07	-4.995189e-04	 1.439642e+00	
 1.509357e-07	 1.836904e-02	 1.484168e+00	
 1.509857e-07	 6.282254e-02	 1.550821e+00	
 1.510357e-07	 1.639065e-01	 1.622146e+00	
 1.510857e-07	 3.849407e-01	 1.692054e+00	
 1.511357e-07	 8.048274e-01	 1.759941e+00	
 1.511857e-07	 1.350725e+00	 1.823782e+00	
 1.512357e-07	 1.794275e+00	 1.882707e+00	
 1.512857e-07	 2.047291e+00	 1.938347e+00	
 1.513357e-07	 2.211846e+00	 1.990145e+00	
 1.513857e-07	 2.320256e+00	 2.039576e+00	
 1.514357e-07	 2.398437e+00	 2.096012e+00	
 1.514857e-07	 2.442965e+00	 2.157881e+00	
 1.515357e-07	 2.467433e+00	 2.210732e+00	
 1.515857e-07	 2.481215e+00	 2.255971e+00	
 1.516357e-07	 2.489056e+00	 2.294441e+00	
 1.516857e-07	 2.493568e+00	 2.327208e+00	
 1.517357e-07	 2.496176e+00	 2.354896e+00	
 1.517857e-07	 2.497700e+00	 2.378248e+00	
 1.518357e-07	 2.498457e+00	 2.397909e+00	
 1.518857e-07	 2.499000e+00	 2.414442e+00	
 1.519357e-07	 2.499332e+00	 2.428328e+00	
 1.519857e-07	 2.499545e+00	 2.439798e+00	
 1.520357e-07	 2.499708e+00	 2.449589e+00	
 1.520857e-07	 2.499787e+00	 2.457813e+00	
 1.521357e-07	 2.499848e+00	 2.464702e+00	
 1.521857e-07	 2.499887e+00	 2.470470e+00	
 1.522357e-07	 2.499915e+00	 2.475298e+00	
 1.522857e-07	 2.499934e+00	 2.479340e+00	
 1.523357e-07	 2.499948e+00	 2.482721e+00	
 1.523857e-07	 2.499959e+00	 2.485550e+00	
 1.524357e-07	 2.499967e+00	 2.487917e+00	
 1.524857e-07	 2.499973e+00	 2.489857e+00	
 1.525357e-07	 2.499978e+00	 2.491488e+00	
 1.525857e-07	 2.499982e+00	 2.492856e+00	
 1.526357e-07	 2.499985e+00	 2.494005e+00	
 1.526857e-07	 2.499988e+00	 2.494969e+00	
 1.527357e-07	 2.499990e+00	 2.495778e+00	
 1.527857e-07	 2.499991e+00	 2.496458e+00	
 1.528357e-07	 2.499993e+00	 2.497027e+00	
 1.528857e-07	 2.499994e+00	 2.497506e+00	
 1.529357e-07	 2.499995e+00	 2.497907e+00	
 1.529857e-07	 2.499996e+00	 2.498244e+00	
 1.530357e-07	 2.499996e+00	 2.498526e+00	
 1.530857e-07	 2.499997e+00	 2.498763e+00	
 1.531357e-07	 2.499997e+00	 2.498962e+00	
 1.531857e-07	 2.499998e+00	 2.499129e+00	
 1.532357e-07	 2.499998e+00	 2.499269e+00	
 1.532857e-07	 2.499998e+00	 2.499387e+00	
 1.533357e-07	 2.499999e+00	 2.499486e+00	
 1.533857e-07	 2.499999e+00	 2.499568e+00	
 1.534357e-07	 2.499999e+00	 2.499638e+00	
 1.534857e-07	 2.499999e+00	 2.499696e+00	
 1.535357e-07	 2.499999e+00	 2.499745e+00	
 1.535857e-07	 2.499999e+00	 2.499786e+00	
 1.536357e-07	 2.500000e+00	 2.499817e+00	
 1.536857e-07	 2.500000e+00	 2.499845e+00	
 1.537357e-07	 2.500000e+00	 2.499868e+00	
 1.537857e-07	 2.499999e+00	 2.499889e+00	
 1.538357e-07	 2.500000e+00	 2.499907e+00	
 1.538857e-07	 2.500000e+00	 2.499922e+00	
 1.539357e-07	 2.500000e+00	 2.499933e+00	
 1.539857e-07	 2.500000e+00	 2.499943e+00	
 1.540357e-07	 2.500000e+00	 2.499952e+00	
 1.540857e-07	 2.500000e+00	 2.499959e+00	
 1.541357e-07	 2.500000e+00	 2.499965e+00	
 1.541857e-07	 2.500000e+00	 2.499971e+00	
 1.542357e-07	 2.500000e+00	 2.499975e+00	
 1.542857e-07	 2.500000e+00	 2.499979e+00	
 1.543357e-07	 2.500000e+00	 2.499982e+00	
 1.543857e-07	 2.500000e+00	 2.499985e+00	
 1.544357e-07	 2.500000e+00	 2.499987e+00	
 1.544857e-07	 2.500000e+00	 2.499988e+00	
 1.545357e-07	 2.500000e+00	 2.499989e+00	
 1.545857e-07	 2.500000e+00	 2.499991e+00	
 1.546357e-07	 2.500000e+00	 2.499992e+00	
 1.546857e-07	 2.500000e+00	 2.499993e+00	
 1.547357e-07	 2.500000e+00	 2.499994e+00	
 1.547857e-07	 2.500000e+00	 2.499995e+00	
 1.548357e-07	 2.500000e+00	 2.499994e+00	
 1.548857e-07	 2.500000e+00	 2.499996e+00	
 1.549357e-07	 2.500000e+00	 2.499996e+00	
 1.549857e-07	 2.500000e+00	 2.499996e+00	
 1.550357e-07	 2.500000e+00	 2.499997e+00	
 1.550857e-07	 2.500000e+00	 2.499997e+00	
 1.551357e-07	 2.500000e+00	 2.499997e+00	
 1.551857e-07	 2.500000e+00	 2.499997e+00	
 1.552357e-07	 2.500000e+00	 2.499998e+00	
 1.552857e-07	 2.500000e+00	 2.499998e+00	
 1.553357e-07	 2.500000e+00	 2.499998e+00	
 1.553857e-07	 2.500000e+00	 2.499998e+00	
 1.554357e-07	 2.500000e+00	 2.499999e+00	
 1.554857e-07	 2.500000e+00	 2.499999e+00	
 1.555357e-07	 2.500000e+00	 2.499999e+00	
 1.555857e-07	 2.500000e+00	 2.499999e+00	
 1.556357e-07	 2.500000e+00	 2.499999e+00	
 1.556857e-07	 2.500000e+00	 2.499999e+00	
 1.557357e-07	 2.500000e+00	 2.499999e+00	
 1.557857e-07	 2.500000e+00	 2.499999e+00	
 1.558357e-07	 2.500000e+00	 2.499999e+00	
 1.558857e-07	 2.500000e+00	 2.499999e+00	
 1.559357e-07	 2.500000e+00	 2.499999e+00	
 1.559857e-07	 2.500000e+00	 2.499999e+00	
 1.560357e-07	 2.500000e+00	 2.499999e+00	
 1.560857e-07	 2.500000e+00	 2.499999e+00	
 1.561357e-07	 2.500000e+00	 2.500000e+00	
 1.561857e-07	 2.500000e+00	 2.499999e+00	
 1.562357e-07	 2.500000e+00	 2.499999e+00	
 1.562857e-07	 2.500000e+00	 2.499999e+00	
 1.563357e-07	 2.500000e+00	 2.500000e+00	
 1.563857e-07	 2.500000e+00	 2.500000e+00	
 1.564357e-07	 2.500000e+00	 2.500000e+00	
 1.564857e-07	 2.500000e+00	 2.500000e+00	
 1.565357e-07	 2.500000e+00	 2.500000e+00	
 1.565857e-07	 2.500000e+00	 2.500000e+00	
 1.566357e-07	 2.500000e+00	 2.500000e+00	
 1.566857e-07	 2.500000e+00	 2.500000e+00	
 1.567357e-07	 2.500000e+00	 2.500000e+00	
 1.567857e-07	 2.500000e+00	 2.500000e+00	
 1.568357e-07	 2.500000e+00	 2.500000e+00	
 1.568857e-07	 2.500000e+00	 2.500000e+00	
 1.569357e-07	 2.500000e+00	 2.500000e+00	
 1.569857e-07	 2.500000e+00	 2.500000e+00	
 1.570357e-07	 2.500000e+00	 2.500000e+00	
 1.570857e-07	 2.500000e+00	 2.500000e+00	
 1.571357e-07	 2.500000e+00	 2.500000e+00	
 1.571857e-07	 2.500000e+00	 2.500000e+00	
 1.572357e-07	 2.500000e+00	 2.500000e+00	
 1.572857e-07	 2.500000e+00	 2.500000e+00	
 1.573357e-07	 2.500000e+00	 2.500000e+00	
 1.573857e-07	 2.500000e+00	 2.500000e+00	
 1.574357e-07	 2.500000e+00	 2.500000e+00	
 1.574857e-07	 2.500000e+00	 2.500000e+00	
 1.575357e-07	 2.500000e+00	 2.500000e+00	
 1.575857e-07	 2.500000e+00	 2.500000e+00	
 1.576357e-07	 2.500000e+00	 2.500000e+00	
 1.576857e-07	 2.500000e+00	 2.500000e+00	
 1.577357e-07	 2.500000e+00	 2.500000e+00	
 1.577857e-07	 2.500000e+00	 2.500000e+00	
 1.578357e-07	 2.500000e+00	 2.500000e+00	
 1.578857e-07	 2.500000e+00	 2.500000e+00	
 1.579357e-07	 2.500000e+00	 2.500000e+00	
 1.579857e-07	 2.500000e+00	 2.500000e+00	
 1.580357e-07	 2.500000e+00	 2.500000e+00	
 1.580857e-07	 2.500000e+00	 2.500000e+00	
 1.581357e-07	 2.500000e+00	 2.500000e+00	
 1.581857e-07	 2.500000e+00	 2.500000e+00	
 1.582357e-07	 2.500000e+00	 2.500000e+00	
 1.582857e-07	 2.500000e+00	 2.500000e+00	
 1.583357e-07	 2.500000e+00	 2.500000e+00	
 1.583857e-07	 2.500000e+00	 2.500000e+00	
 1.584357e-07	 2.500000e+00	 2.500000e+00	
 1.584857e-07	 2.500000e+00	 2.500000e+00	
 1.585357e-07	 2.500000e+00	 2.500000e+00	
 1.585857e-07	 2.500000e+00	 2.500000e+00	
 1.586357e-07	 2.500000e+00	 2.500000e+00	
 1.586857e-07	 2.500000e+00	 2.500000e+00	
 1.587357e-07	 2.500000e+00	 2.500000e+00	
 1.587857e-07	 2.500000e+00	 2.500000e+00	
 1.588357e-07	 2.500000e+00	 2.500000e+00	
 1.588857e-07	 2.500000e+00	 2.500000e+00	
 1.589357e-07	 2.500000e+00	 2.500000e+00	
 1.589857e-07	 2.500000e+00	 2.500000e+00	
 1.590357e-07	 2.500000e+00	 2.500000e+00	
 1.590857e-07	 2.500000e+00	 2.500000e+00	
 1.591357e-07	 2.500000e+00	 2.500000e+00	
 1.591857e-07	 2.500000e+00	 2.500000e+00	
 1.592357e-07	 2.500000e+00	 2.500000e+00	
 1.592857e-07	 2.500000e+00	 2.500000e+00	
 1.593357e-07	 2.500000e+00	 2.500000e+00	
 1.593857e-07	 2.500000e+00	 2.500000e+00	
 1.594357e-07	 2.500000e+00	 2.500000e+00	
 1.594857e-07	 2.500000e+00	 2.500000e+00	
 1.595357e-07	 2.500000e+00	 2.500000e+00	
 1.595857e-07	 2.500000e+00	 2.500000e+00	
 1.596357e-07	 2.500000e+00	 2.500000e+00	
 1.596857e-07	 2.500000e+00	 2.500000e+00	
 1.597357e-07	 2.500000e+00	 2.500000e+00	
 1.597857e-07	 2.500000e+00	 2.500000e+00	
 1.598357e-07	 2.500000e+00	 2.500000e+00	
 1.598857e-07	 2.500000e+00	 2.500000e+00	
 1.599357e-07	 2.500000e+00	 2.500000e+00	
 1.599857e-07	 2.500000e+00	 2.500000e+00	
 1.600357e-07	 2.500000e+00	 2.500000e+00	
 1.600857e-07	 2.500000e+00	 2.500000e+00	
 1.601357e-07	 2.500000e+00	 2.500000e+00	
 1.601857e-07	 2.500000e+00	 2.500000e+00	
 1.602357e-07	 2.500000e+00	 2.500000e+00	
 1.602857e-07	 2.500000e+00	 2.500000e+00	
 1.603357e-07	 2.500000e+00	 2.500000e+00	
 1.603857e-07	 2.500000e+00	 2.500000e+00	
 1.604357e-07	 2.500000e+00	 2.500000e+00	
 1.604857e-07	 2.500000e+00	 2.500000e+00	
 1.605357e-07	 2.500000e+00	 2.500000e+00	
 1.605857e-07	 2.500000e+00	 2.500000e+00	
 1.606357e-07	 2.500000e+00	 2.500000e+00	
 1.606857e-07	 2.500000e+00	 2.500000e+00	
 1.607357e-07	 2.500000e+00	 2.500000e+00	
 1.607857e-07	 2.500000e+00	 2.500000e+00	
 1.608357e-07	 2.500000e+00	 2.500000e+00	
 1.608857e-07	 2.500000e+00	 2.500000e+00	
 1.609357e-07	 2.500000e+00	 2.500000e+00	
 1.609857e-07	 2.500000e+00	 2.500000e+00	
 1.610357e-07	 2.500000e+00	 2.500000e+00	
 1.610857e-07	 2.500000e+00	 2.500000e+00	
 1.611357e-07	 2.500000e+00	 2.500000e+00	
 1.611857e-07	 2.500000e+00	 2.500000e+00	
 1.612357e-07	 2.500000e+00	 2.500000e+00	
 1.612857e-07	 2.500000e+00	 2.500000e+00	
 1.613357e-07	 2.500000e+00	 2.500000e+00	
 1.613857e-07	 2.500000e+00	 2.500000e+00	
 1.614357e-07	 2.500000e+00	 2.500000e+00	
 1.614857e-07	 2.500000e+00	 2.500000e+00	
 1.615357e-07	 2.500000e+00	 2.500000e+00	
 1.615857e-07	 2.500000e+00	 2.500000e+00	
 1.616357e-07	 2.500000e+00	 2.500000e+00	
 1.616857e-07	 2.500000e+00	 2.500000e+00	
 1.617357e-07	 2.500000e+00	 2.500000e+00	
 1.617857e-07	 2.500000e+00	 2.500000e+00	
 1.618357e-07	 2.500000e+00	 2.500000e+00	
 1.618857e-07	 2.500000e+00	 2.500000e+00	
 1.619357e-07	 2.500000e+00	 2.500000e+00	
 1.619857e-07	 2.500000e+00	 2.499999e+00	
 1.620357e-07	 2.500000e+00	 2.500000e+00	
 1.620857e-07	 2.500000e+00	 2.500000e+00	
 1.621357e-07	 2.500000e+00	 2.500001e+00	
 1.621857e-07	 2.500000e+00	 2.499999e+00	
 1.622357e-07	 2.500000e+00	 2.500000e+00	
 1.622857e-07	 2.500000e+00	 2.499999e+00	
 1.623357e-07	 2.500000e+00	 2.500000e+00	
 1.623857e-07	 2.500000e+00	 2.500000e+00	
 1.624357e-07	 2.500000e+00	 2.500000e+00	
 1.624857e-07	 2.500000e+00	 2.500000e+00	
 1.625357e-07	 2.500000e+00	 2.500000e+00	
 1.625857e-07	 2.500000e+00	 2.500000e+00	
 1.626357e-07	 2.500000e+00	 2.500000e+00	
 1.626857e-07	 2.500000e+00	 2.500000e+00	
 1.627357e-07	 2.500000e+00	 2.500000e+00	
 1.627857e-07	 2.500000e+00	 2.500000e+00	
 1.628357e-07	 2.500000e+00	 2.500000e+00	
 1.628857e-07	 2.500000e+00	 2.500000e+00	
 1.629357e-07	 2.500000e+00	 2.500000e+00	
 1.629857e-07	 2.500000e+00	 2.500000e+00	
 1.630357e-07	 2.500000e+00	 2.500000e+00	
 1.630857e-07	 2.500000e+00	 2.500000e+00	
 1.631357e-07	 2.500000e+00	 2.500000e+00	
 1.631857e-07	 2.500000e+00	 2.500000e+00	
 1.632357e-07	 2.500000e+00	 2.500000e+00	
 1.632857e-07	 2.500000e+00	 2.500000e+00	
 1.633357e-07	 2.500000e+00	 2.500000e+00	
 1.633857e-07	 2.500000e+00	 2.500000e+00	
 1.634357e-07	 2.500000e+00	 2.500000e+00	
 1.634857e-07	 2.500000e+00	 2.500000e+00	
 1.635357e-07	 2.500000e+00	 2.500000e+00	
 1.635857e-07	 2.500000e+00	 2.500000e+00	
 1.636357e-07	 2.500000e+00	 2.500000e+00	
 1.636857e-07	 2.500000e+00	 2.500000e+00	
 1.637357e-07	 2.500000e+00	 2.500000e+00	
 1.637857e-07	 2.500000e+00	 2.500000e+00	
 1.638357e-07	 2.500000e+00	 2.500000e+00	
 1.638857e-07	 2.500000e+00	 2.500000e+00	
 1.639357e-07	 2.500000e+00	 2.500000e+00	
 1.639857e-07	 2.500000e+00	 2.500000e+00	
 1.640357e-07	 2.500000e+00	 2.500000e+00	
 1.640857e-07	 2.500000e+00	 2.500000e+00	
 1.641357e-07	 2.500000e+00	 2.500000e+00	
 1.641857e-07	 2.500000e+00	 2.500000e+00	
 1.642357e-07	 2.500000e+00	 2.500000e+00	
 1.642857e-07	 2.500000e+00	 2.500000e+00	
 1.643357e-07	 2.500000e+00	 2.500000e+00	
 1.643857e-07	 2.500000e+00	 2.500000e+00	
 1.644357e-07	 2.500000e+00	 2.500000e+00	
 1.644857e-07	 2.500000e+00	 2.500000e+00	
 1.645357e-07	 2.500000e+00	 2.500000e+00	
 1.645857e-07	 2.500000e+00	 2.500000e+00	
 1.646357e-07	 2.500000e+00	 2.500000e+00	
 1.646857e-07	 2.500000e+00	 2.500000e+00	
 1.647357e-07	 2.500000e+00	 2.500000e+00	
 1.647857e-07	 2.500000e+00	 2.500000e+00	
 1.648357e-07	 2.500000e+00	 2.500000e+00	
 1.648857e-07	 2.500000e+00	 2.500000e+00	
 1.649357e-07	 2.500000e+00	 2.500000e+00	
 1.649857e-07	 2.500000e+00	 2.500000e+00	
 1.650357e-07	 2.500000e+00	 2.500000e+00	
 1.650857e-07	 2.500000e+00	 2.500000e+00	
 1.651357e-07	 2.500000e+00	 2.500000e+00	
 1.651857e-07	 2.500000e+00	 2.500000e+00	
 1.652357e-07	 2.500000e+00	 2.500000e+00	
 1.652857e-07	 2.500000e+00	 2.500000e+00	
 1.653357e-07	 2.500000e+00	 2.500000e+00	
 1.653857e-07	 2.500000e+00	 2.499999e+00	
 1.654357e-07	 2.500000e+00	 2.500000e+00	
 1.654857e-07	 2.500000e+00	 2.499999e+00	
 1.655357e-07	 2.500000e+00	 2.499999e+00	
 1.655857e-07	 2.500000e+00	 2.499999e+00	
 1.656357e-07	 2.500000e+00	 2.499999e+00	
 1.656857e-07	 2.500000e+00	 2.499999e+00	
 1.657357e-07	 2.500000e+00	 2.499999e+00	
 1.657857e-07	 2.500000e+00	 2.499999e+00	
 1.658357e-07	 2.500000e+00	 2.500000e+00	
 1.658857e-07	 2.500000e+00	 2.499999e+00	
 1.659357e-07	 2.500000e+00	 2.500000e+00	
 1.659857e-07	 2.500000e+00	 2.500000e+00	
 1.660357e-07	 2.500000e+00	 2.500000e+00	
 1.660857e-07	 2.500000e+00	 2.500000e+00	
 1.661357e-07	 2.500000e+00	 2.500000e+00	
 1.661857e-07	 2.500000e+00	 2.500000e+00	
 1.662357e-07	 2.500000e+00	 2.500000e+00	
 1.662857e-07	 2.500000e+00	 2.500000e+00	
 1.663357e-07	 2.500000e+00	 2.500000e+00	
 1.663857e-07	 2.500000e+00	 2.500000e+00	
 1.664357e-07	 2.500000e+00	 2.500000e+00	
 1.664857e-07	 2.500000e+00	 2.500000e+00	
 1.665357e-07	 2.500000e+00	 2.500000e+00	
 1.665857e-07	 2.500000e+00	 2.500000e+00	
 1.666357e-07	 2.500000e+00	 2.500000e+00	
 1.666857e-07	 2.500000e+00	 2.500000e+00	
 1.667357e-07	 2.500000e+00	 2.500000e+00	
 1.667857e-07	 2.500000e+00	 2.500000e+00	
 1.668357e-07	 2.500000e+00	 2.500000e+00	
 1.668857e-07	 2.500000e+00	 2.500000e+00	
 1.669357e-07	 2.500000e+00	 2.500000e+00	
 1.669857e-07	 2.500000e+00	 2.500000e+00	
 1.670357e-07	 2.500000e+00	 2.500000e+00	
 1.670857e-07	 2.500000e+00	 2.500000e+00	
 1.671357e-07	 2.500000e+00	 2.500000e+00	
 1.671857e-07	 2.500000e+00	 2.500000e+00	
 1.672357e-07	 2.500000e+00	 2.500000e+00	
 1.672857e-07	 2.500000e+00	 2.500000e+00	
 1.673357e-07	 2.500000e+00	 2.500000e+00	
 1.673857e-07	 2.500000e+00	 2.500000e+00	
 1.674357e-07	 2.500000e+00	 2.500000e+00	
 1.674857e-07	 2.500000e+00	 2.500000e+00	
 1.675357e-07	 2.500000e+00	 2.500000e+00	
 1.675857e-07	 2.500000e+00	 2.500000e+00	
 1.676357e-07	 2.500000e+00	 2.500000e+00	
 1.676857e-07	 2.500000e+00	 2.499999e+00	
 1.677357e-07	 2.500000e+00	 2.500000e+00	
 1.677857e-07	 2.500000e+00	 2.499999e+00	
 1.678357e-07	 2.500000e+00	 2.500000e+00	
 1.678857e-07	 2.500000e+00	 2.500000e+00	
 1.679357e-07	 2.500000e+00	 2.500000e+00	
 1.679857e-07	 2.500000e+00	 2.500000e+00	
 1.680357e-07	 2.500000e+00	 2.500000e+00	
 1.680857e-07	 2.500000e+00	 2.500000e+00	
 1.681357e-07	 2.500000e+00	 2.500000e+00	
 1.681857e-07	 2.500000e+00	 2.500000e+00	
 1.682357e-07	 2.500000e+00	 2.500000e+00	
 1.682857e-07	 2.500000e+00	 2.500000e+00	
 1.683357e-07	 2.500000e+00	 2.500000e+00	
 1.683857e-07	 2.500000e+00	 2.500000e+00	
 1.684357e-07	 2.500000e+00	 2.500000e+00	
 1.684857e-07	 2.500000e+00	 2.500000e+00	
 1.685357e-07	 2.500000e+00	 2.500000e+00	
 1.685857e-07	 2.500000e+00	 2.500000e+00	
 1.686357e-07	 2.500000e+00	 2.500000e+00	
 1.686857e-07	 2.500000e+00	 2.500000e+00	
 1.687357e-07	 2.500000e+00	 2.500000e+00	
 1.687857e-07	 2.500000e+00	 2.500000e+00	
 1.688357e-07	 2.500000e+00	 2.500000e+00	
 1.688857e-07	 2.500000e+00	 2.500000e+00	
 1.689357e-07	 2.500000e+00	 2.500000e+00	
 1.689857e-07	 2.500000e+00	 2.500000e+00	
 1.690357e-07	 2.500000e+00	 2.500000e+00	
 1.690857e-07	 2.500000e+00	 2.500000e+00	
 1.691357e-07	 2.500000e+00	 2.500000e+00	
 1.691857e-07	 2.500000e+00	 2.500000e+00	
 1.692357e-07	 2.500000e+00	 2.500000e+00	
 1.692857e-07	 2.500000e+00	 2.500000e+00	
 1.693357e-07	 2.500000e+00	 2.500000e+00	
 1.693857e-07	 2.500000e+00	 2.500000e+00	
 1.694357e-07	 2.500000e+00	 2.500000e+00	
 1.694857e-07	 2.500000e+00	 2.500000e+00	
 1.695357e-07	 2.500000e+00	 2.500000e+00	
 1.695857e-07	 2.500000e+00	 2.500000e+00	
 1.696357e-07	 2.500000e+00	 2.500000e+00	
 1.696857e-07	 2.500000e+00	 2.500000e+00	
 1.697357e-07	 2.500000e+00	 2.500000e+00	
 1.697857e-07	 2.500000e+00	 2.500000e+00	
 1.698357e-07	 2.500000e+00	 2.500000e+00	
 1.698857e-07	 2.500000e+00	 2.499999e+00	
 1.699357e-07	 2.500000e+00	 2.500000e+00	
 1.699857e-07	 2.500000e+00	 2.500000e+00	
 1.700357e-07	 2.500000e+00	 2.500000e+00	
 1.700857e-07	 2.500000e+00	 2.500000e+00	
 1.701357e-07	 2.500000e+00	 2.500000e+00	
 1.701857e-07	 2.500000e+00	 2.500000e+00	
 1.702357e-07	 2.500000e+00	 2.500000e+00	
 1.702857e-07	 2.500000e+00	 2.500000e+00	
 1.703357e-07	 2.500000e+00	 2.500000e+00	
 1.703857e-07	 2.500000e+00	 2.500000e+00	
 1.704357e-07	 2.500000e+00	 2.500001e+00	
 1.704857e-07	 2.500000e+00	 2.500000e+00	
 1.705357e-07	 2.500000e+00	 2.500001e+00	
 1.705857e-07	 2.500000e+00	 2.500000e+00	
 1.706357e-07	 2.500000e+00	 2.500000e+00	
 1.706857e-07	 2.500000e+00	 2.500000e+00	
 1.707357e-07	 2.500000e+00	 2.500000e+00	
 1.707857e-07	 2.500000e+00	 2.500000e+00	
 1.708357e-07	 2.500000e+00	 2.500000e+00	
 1.708857e-07	 2.500000e+00	 2.500000e+00	
 1.709357e-07	 2.500000e+00	 2.500000e+00	
 1.709857e-07	 2.500000e+00	 2.500000e+00	
 1.710357e-07	 2.500000e+00	 2.500000e+00	
 1.710857e-07	 2.500000e+00	 2.500000e+00	
 1.711357e-07	 2.500000e+00	 2.500000e+00	
 1.711857e-07	 2.500000e+00	 2.500000e+00	
 1.712357e-07	 2.500000e+00	 2.500000e+00	
 1.712857e-07	 2.500000e+00	 2.500000e+00	
 1.713357e-07	 2.500000e+00	 2.500000e+00	
 1.713857e-07	 2.500000e+00	 2.500000e+00	
 1.714357e-07	 2.500000e+00	 2.500000e+00	
 1.714857e-07	 2.500000e+00	 2.500000e+00	
 1.715357e-07	 2.500000e+00	 2.500000e+00	
 1.715857e-07	 2.500000e+00	 2.500000e+00	
 1.716357e-07	 2.500000e+00	 2.500000e+00	
 1.716857e-07	 2.500000e+00	 2.500000e+00	
 1.717357e-07	 2.500000e+00	 2.500000e+00	
 1.717857e-07	 2.500000e+00	 2.500000e+00	
 1.718357e-07	 2.500000e+00	 2.500000e+00	
 1.718857e-07	 2.500000e+00	 2.500000e+00	
 1.719357e-07	 2.500000e+00	 2.500000e+00	
 1.719857e-07	 2.500000e+00	 2.500000e+00	
 1.720357e-07	 2.500000e+00	 2.500000e+00	
 1.720857e-07	 2.500000e+00	 2.500000e+00	
 1.721357e-07	 2.500000e+00	 2.500000e+00	
 1.721857e-07	 2.500000e+00	 2.500000e+00	
 1.722357e-07	 2.500000e+00	 2.500000e+00	
 1.722857e-07	 2.500000e+00	 2.500000e+00	
 1.723357e-07	 2.500000e+00	 2.500000e+00	
 1.723857e-07	 2.500000e+00	 2.500000e+00	
 1.724357e-07	 2.500000e+00	 2.500000e+00	
 1.724857e-07	 2.500000e+00	 2.500000e+00	
 1.725357e-07	 2.500000e+00	 2.500000e+00	
 1.725857e-07	 2.500000e+00	 2.500000e+00	
 1.726357e-07	 2.500000e+00	 2.500000e+00	
 1.726857e-07	 2.500000e+00	 2.500000e+00	
 1.727357e-07	 2.500000e+00	 2.500000e+00	
 1.727857e-07	 2.500000e+00	 2.500000e+00	
 1.728357e-07	 2.500000e+00	 2.500000e+00	
 1.728857e-07	 2.500000e+00	 2.500000e+00	
 1.729357e-07	 2.500000e+00	 2.500000e+00	
 1.729857e-07	 2.500000e+00	 2.500000e+00	
 1.730357e-07	 2.500000e+00	 2.500000e+00	
 1.730857e-07	 2.500000e+00	 2.500000e+00	
 1.731357e-07	 2.500000e+00	 2.500000e+00	
 1.731857e-07	 2.500000e+00	 2.500000e+00	
 1.732357e-07	 2.500000e+00	 2.500000e+00	
 1.732857e-07	 2.500000e+00	 2.500000e+00	
 1.733357e-07	 2.500000e+00	 2.500000e+00	
 1.733857e-07	 2.500000e+00	 2.500000e+00	
 1.734357e-07	 2.500000e+00	 2.500000e+00	
 1.734857e-07	 2.500000e+00	 2.499999e+00	
 1.735357e-07	 2.500000e+00	 2.500001e+00	
 1.735857e-07	 2.500000e+00	 2.500000e+00	
 1.736357e-07	 2.500000e+00	 2.500000e+00	
 1.736857e-07	 2.500000e+00	 2.500000e+00	
 1.737357e-07	 2.500000e+00	 2.500000e+00	
 1.737857e-07	 2.500000e+00	 2.500000e+00	
 1.738357e-07	 2.500000e+00	 2.500000e+00	
 1.738857e-07	 2.500000e+00	 2.500000e+00	
 1.739357e-07	 2.500000e+00	 2.500000e+00	
 1.739857e-07	 2.500000e+00	 2.500000e+00	
 1.740357e-07	 2.500000e+00	 2.500000e+00	
 1.740857e-07	 2.500000e+00	 2.500000e+00	
 1.741357e-07	 2.500000e+00	 2.500000e+00	
 1.741857e-07	 2.500000e+00	 2.500000e+00	
 1.742357e-07	 2.500000e+00	 2.500000e+00	
 1.742857e-07	 2.500000e+00	 2.500000e+00	
 1.743357e-07	 2.500000e+00	 2.500000e+00	
 1.743857e-07	 2.500000e+00	 2.500000e+00	
 1.744357e-07	 2.500000e+00	 2.500000e+00	
 1.744857e-07	 2.500000e+00	 2.500000e+00	
 1.745357e-07	 2.500000e+00	 2.500000e+00	
 1.745857e-07	 2.500000e+00	 2.500000e+00	
 1.746357e-07	 2.500000e+00	 2.500000e+00	
 1.746857e-07	 2.500000e+00	 2.500000e+00	
 1.747357e-07	 2.500000e+00	 2.500001e+00	
 1.747857e-07	 2.500000e+00	 2.500000e+00	
 1.748357e-07	 2.500000e+00	 2.500001e+00	
 1.748857e-07	 2.500000e+00	 2.500000e+00	
 1.749357e-07	 2.500000e+00	 2.500000e+00	
 1.749857e-07	 2.500000e+00	 2.500000e+00	
 1.750357e-07	 2.500000e+00	 2.500000e+00	
 1.750857e-07	 2.500000e+00	 2.500000e+00	
 1.751357e-07	 2.500000e+00	 2.500000e+00	
 1.751857e-07	 2.500000e+00	 2.500000e+00	
 1.752357e-07	 2.500000e+00	 2.500000e+00	
 1.752857e-07	 2.500000e+00	 2.500000e+00	
 1.753357e-07	 2.500000e+00	 2.500000e+00	
 1.753857e-07	 2.500000e+00	 2.500000e+00	
 1.754357e-07	 2.500000e+00	 2.500000e+00	
 1.754857e-07	 2.500000e+00	 2.500000e+00	
 1.755357e-07	 2.500000e+00	 2.500000e+00	
 1.755857e-07	 2.500000e+00	 2.500000e+00	
 1.756357e-07	 2.500000e+00	 2.500000e+00	
 1.756857e-07	 2.500000e+00	 2.500000e+00	
 1.757357e-07	 2.500000e+00	 2.500000e+00	
 1.757857e-07	 2.500000e+00	 2.500000e+00	
 1.758357e-07	 2.500000e+00	 2.500000e+00	
 1.758857e-07	 2.500000e+00	 2.500000e+00	
 1.759357e-07	 2.500000e+00	 2.500000e+00	
 1.759857e-07	 2.500000e+00	 2.500000e+00	
 1.760357e-07	 2.500000e+00	 2.500000e+00	
 1.760857e-07	 2.500000e+00	 2.500000e+00	
 1.761357e-07	 2.500000e+00	 2.500000e+00	
 1.761857e-07	 2.500000e+00	 2.500000e+00	
 1.762357e-07	 2.500000e+00	 2.500000e+00	
 1.762857e-07	 2.500000e+00	 2.500000e+00	
 1.763357e-07	 2.500000e+00	 2.500000e+00	
 1.763857e-07	 2.500000e+00	 2.500000e+00	
 1.764357e-07	 2.500000e+00	 2.500000e+00	
 1.764857e-07	 2.500000e+00	 2.500000e+00	
 1.765357e-07	 2.500000e+00	 2.500000e+00	
 1.765857e-07	 2.500000e+00	 2.500000e+00	
 1.766357e-07	 2.500000e+00	 2.500000e+00	
 1.766857e-07	 2.500000e+00	 2.499999e+00	
 1.767357e-07	 2.500000e+00	 2.500000e+00	
 1.767857e-07	 2.500000e+00	 2.499999e+00	
 1.768357e-07	 2.500000e+00	 2.500000e+00	
 1.768857e-07	 2.500000e+00	 2.500000e+00	
 1.769357e-07	 2.500000e+00	 2.500000e+00	
 1.769857e-07	 2.500000e+00	 2.500000e+00	
 1.770357e-07	 2.500000e+00	 2.500000e+00	
 1.770857e-07	 2.500000e+00	 2.500000e+00	
 1.771357e-07	 2.500000e+00	 2.500000e+00	
 1.771857e-07	 2.500000e+00	 2.500000e+00	
 1.772357e-07	 2.500000e+00	 2.500000e+00	
 1.772857e-07	 2.500000e+00	 2.500000e+00	
 1.773357e-07	 2.500000e+00	 2.500000e+00	
 1.773857e-07	 2.500000e+00	 2.500000e+00	
 1.774357e-07	 2.500000e+00	 2.500000e+00	
 1.774857e-07	 2.500000e+00	 2.500000e+00	
 1.775357e-07	 2.500000e+00	 2.500000e+00	
 1.775857e-07	 2.500000e+00	 2.500000e+00	
 1.776357e-07	 2.500000e+00	 2.500000e+00	
 1.776857e-07	 2.500000e+00	 2.500000e+00	
 1.777357e-07	 2.500000e+00	 2.500000e+00	
 1.777857e-07	 2.500000e+00	 2.500000e+00	
 1.778357e-07	 2.500000e+00	 2.500000e+00	
 1.778857e-07	 2.500000e+00	 2.500000e+00	
 1.779357e-07	 2.500000e+00	 2.500000e+00	
 1.779857e-07	 2.500000e+00	 2.500000e+00	
 1.780357e-07	 2.500000e+00	 2.500000e+00	
 1.780857e-07	 2.500000e+00	 2.500000e+00	
 1.781357e-07	 2.500000e+00	 2.500000e+00	
 1.781857e-07	 2.500000e+00	 2.500000e+00	
 1.782357e-07	 2.500000e+00	 2.500000e+00	
 1.782857e-07	 2.500000e+00	 2.500000e+00	
 1.783357e-07	 2.500000e+00	 2.500000e+00	
 1.783857e-07	 2.500000e+00	 2.500000e+00	
 1.784357e-07	 2.500000e+00	 2.500000e+00	
 1.784857e-07	 2.500000e+00	 2.500000e+00	
 1.785357e-07	 2.500000e+00	 2.500000e+00	
 1.785857e-07	 2.500000e+00	 2.500000e+00	
 1.786357e-07	 2.500000e+00	 2.500000e+00	
 1.786857e-07	 2.500000e+00	 2.500000e+00	
 1.787357e-07	 2.500000e+00	 2.500000e+00	
 1.787857e-07	 2.500000e+00	 2.500000e+00	
 1.788357e-07	 2.500000e+00	 2.500000e+00	
 1.788857e-07	 2.500000e+00	 2.500000e+00	
 1.789357e-07	 2.500000e+00	 2.500000e+00	
 1.789857e-07	 2.500000e+00	 2.499999e+00	
 1.790357e-07	 2.500000e+00	 2.500000e+00	
 1.790857e-07	 2.500000e+00	 2.500000e+00	
 1.791357e-07	 2.500000e+00	 2.500000e+00	
 1.791857e-07	 2.500000e+00	 2.500000e+00	
 1.792357e-07	 2.500000e+00	 2.500000e+00	
 1.792857e-07	 2.500000e+00	 2.500000e+00	
 1.793357e-07	 2.500000e+00	 2.500000e+00	
 1.793857e-07	 2.500000e+00	 2.500000e+00	
 1.794357e-07	 2.500000e+00	 2.500000e+00	
 1.794857e-07	 2.500000e+00	 2.500000e+00	
 1.795357e-07	 2.500000e+00	 2.500000e+00	
 1.795857e-07	 2.500000e+00	 2.500000e+00	
 1.796357e-07	 2.500000e+00	 2.500000e+00	
 1.796857e-07	 2.500000e+00	 2.500000e+00	
 1.797357e-07	 2.500000e+00	 2.500000e+00	
 1.797857e-07	 2.500000e+00	 2.500000e+00	
 1.798357e-07	 2.500000e+00	 2.500000e+00	
 1.798857e-07	 2.500000e+00	 2.500000e+00	
 1.799357e-07	 2.500000e+00	 2.500000e+00	
 1.799857e-07	 2.500000e+00	 2.500000e+00	
 1.800000e-07	 2.500000e+00	 2.500000e+00	
