 3.000000e-08	 3.536486e-09	
 3.000455e-08	-8.321277e-07	
 3.001205e-08	-1.547301e-06	
 3.001955e-08	-2.963770e-07	
 3.002705e-08	 3.123103e-06	
 3.003000e-08	 5.164898e-06	
 3.003145e-08	 6.383234e-06	
 3.003340e-08	 8.108925e-06	
 3.003629e-08	 9.836699e-06	
 3.004207e-08	 1.198339e-05	
 3.005363e-08	 1.201771e-05	
 3.007674e-08	 8.079334e-06	
 3.009877e-08	-2.931950e-07	
 3.012274e-08	-6.598668e-06	
 3.017070e-08	-8.396400e-06	
 3.022070e-08	-4.461471e-06	
 3.027070e-08	-7.978835e-07	
 3.032070e-08	 3.675982e-06	
 3.037070e-08	 7.523563e-06	
 3.042070e-08	-4.025421e-06	
 3.047070e-08	-8.914997e-06	
 3.051595e-08	-2.144260e-06	
 3.056595e-08	 3.318438e-06	
 3.061595e-08	 3.731581e-06	
 3.066595e-08	 2.363567e-06	
 3.071595e-08	 1.248199e-06	
 3.076595e-08	 4.130156e-07	
 3.081595e-08	 1.869350e-07	
 3.086595e-08	-1.186904e-07	
 3.091595e-08	-2.785819e-07	
 3.096595e-08	-1.666657e-07	
 3.101595e-08	-1.741101e-07	
 3.106595e-08	-1.639931e-07	
 3.111595e-08	-9.032727e-08	
 3.116595e-08	-7.828248e-08	
 3.121595e-08	-7.545740e-08	
 3.126595e-08	-6.740154e-08	
 3.131595e-08	-5.478312e-08	
 3.136595e-08	-3.688513e-08	
 3.141595e-08	-3.505969e-08	
 3.146595e-08	-3.756975e-08	
 3.151595e-08	-2.621156e-08	
 3.156595e-08	-2.153161e-08	
 3.161595e-08	-1.885308e-08	
 3.166595e-08	-2.064147e-08	
 3.171595e-08	-1.538316e-08	
 3.176595e-08	-9.353834e-09	
 3.181595e-08	-7.895614e-09	
 3.186595e-08	-9.159350e-09	
 3.191595e-08	-5.914490e-09	
 3.196595e-08	-2.358390e-09	
 3.201595e-08	-1.374276e-09	
 3.206595e-08	-6.047780e-09	
 3.211595e-08	 1.868886e-09	
 3.216595e-08	 2.523157e-09	
 3.221595e-08	 4.149648e-09	
 3.226595e-08	 1.624474e-09	
 3.231595e-08	 5.863667e-09	
 3.236595e-08	 4.213722e-09	
 3.241595e-08	 4.489099e-09	
 3.246595e-08	 6.798029e-09	
 3.251595e-08	 3.747482e-09	
 3.256595e-08	 7.818880e-09	
 3.261595e-08	 4.728443e-09	
 3.266595e-08	 7.890343e-09	
 3.271595e-08	 5.250707e-09	
 3.276595e-08	 6.655437e-09	
 3.281595e-08	 5.982607e-09	
 3.286595e-08	 6.328255e-09	
 3.291595e-08	 7.520288e-09	
 3.296595e-08	 6.774483e-09	
 3.301595e-08	 8.027896e-09	
 3.306595e-08	 7.067645e-09	
 3.311595e-08	 7.474152e-09	
 3.316595e-08	 6.689010e-09	
 3.321595e-08	 7.838283e-09	
 3.326595e-08	 7.104401e-09	
 3.331595e-08	 7.873974e-09	
 3.336595e-08	 7.960644e-09	
 3.341595e-08	 7.511002e-09	
 3.346595e-08	 7.960009e-09	
 3.351595e-08	 7.735299e-09	
 3.356595e-08	 7.910569e-09	
 3.361595e-08	 7.970708e-09	
 3.366595e-08	 7.963085e-09	
 3.371595e-08	 7.630060e-09	
 3.376595e-08	 7.913881e-09	
 3.381595e-08	 8.121440e-09	
 3.386595e-08	 8.287326e-09	
 3.391595e-08	 8.013375e-09	
 3.396595e-08	 8.446045e-09	
 3.401595e-08	 8.239775e-09	
 3.406595e-08	 8.267156e-09	
 3.411595e-08	 8.157915e-09	
 3.416595e-08	 8.097002e-09	
 3.421595e-08	 8.331563e-09	
 3.426595e-08	 8.096148e-09	
 3.431595e-08	 8.158377e-09	
 3.436595e-08	 7.877511e-09	
 3.441595e-08	 7.213431e-09	
 3.446595e-08	 8.100702e-09	
 3.451595e-08	 7.876035e-09	
 3.456595e-08	 8.693480e-09	
 3.461595e-08	 8.545443e-09	
 3.466595e-08	 8.573670e-09	
 3.471595e-08	 8.145412e-09	
 3.476595e-08	 8.423617e-09	
 3.481595e-08	 7.789816e-09	
 3.486595e-08	 7.672962e-09	
 3.491595e-08	 7.651097e-09	
 3.496595e-08	 7.890352e-09	
 3.501595e-08	 7.719269e-09	
 3.506595e-08	 8.055795e-09	
 3.511595e-08	 7.947217e-09	
 3.516595e-08	 8.160221e-09	
 3.521595e-08	 8.040982e-09	
 3.526595e-08	 8.172499e-09	
 3.531595e-08	 7.967787e-09	
 3.536595e-08	 8.216964e-09	
 3.541595e-08	 8.250584e-09	
 3.546595e-08	 8.457893e-09	
 3.551595e-08	 8.343391e-09	
 3.556595e-08	 8.359750e-09	
 3.561595e-08	 8.337120e-09	
 3.566595e-08	 8.207343e-09	
 3.571595e-08	 8.393961e-09	
 3.576595e-08	 8.043819e-09	
 3.581595e-08	 8.578019e-09	
 3.586595e-08	 7.319970e-09	
 3.591595e-08	 8.854911e-09	
 3.596595e-08	 7.074664e-09	
 3.601595e-08	 9.274137e-09	
 3.606595e-08	 9.238167e-09	
 3.611595e-08	 8.924976e-09	
 3.616595e-08	 8.813655e-09	
 3.621595e-08	 8.692018e-09	
 3.626595e-08	 8.446916e-09	
 3.631595e-08	 8.609294e-09	
 3.636595e-08	 8.130912e-09	
 3.641595e-08	 8.705135e-09	
 3.646595e-08	 7.680977e-09	
 3.651595e-08	 8.593770e-09	
 3.656595e-08	 7.012908e-09	
 3.661595e-08	 8.855641e-09	
 3.666595e-08	 8.790929e-09	
 3.671595e-08	 8.582079e-09	
 3.676595e-08	 8.550898e-09	
 3.681595e-08	 8.403104e-09	
 3.686595e-08	 8.396139e-09	
 3.691595e-08	 8.328894e-09	
 3.696595e-08	 8.280065e-09	
 3.701595e-08	 8.237432e-09	
 3.706595e-08	 8.238047e-09	
 3.711595e-08	 8.142667e-09	
 3.716595e-08	 8.354161e-09	
 3.721595e-08	 7.939562e-09	
 3.726595e-08	 8.282682e-09	
 3.731595e-08	 7.772971e-09	
 3.736595e-08	 7.663041e-09	
 3.741595e-08	 8.432278e-09	
 3.746595e-08	 8.202406e-09	
 3.751595e-08	 8.537604e-09	
 3.756595e-08	 8.327816e-09	
 3.761595e-08	 8.409785e-09	
 3.766595e-08	 8.557640e-09	
 3.771595e-08	 8.159916e-09	
 3.776595e-08	 8.543884e-09	
 3.781595e-08	 7.835084e-09	
 3.786595e-08	 9.020344e-09	
 3.791595e-08	 8.610364e-09	
 3.796595e-08	 8.603779e-09	
 3.801595e-08	 8.327559e-09	
 3.806595e-08	 8.384315e-09	
 3.811595e-08	 8.265794e-09	
 3.816595e-08	 8.297114e-09	
 3.821595e-08	 8.179863e-09	
 3.826595e-08	 8.265614e-09	
 3.831595e-08	 8.121223e-09	
 3.836595e-08	 8.272857e-09	
 3.841595e-08	 8.244752e-09	
 3.846595e-08	 8.234186e-09	
 3.851595e-08	 8.205042e-09	
 3.856595e-08	 8.215884e-09	
 3.861595e-08	 8.176906e-09	
 3.866595e-08	 8.224564e-09	
 3.871595e-08	 8.153434e-09	
 3.876595e-08	 8.185727e-09	
 3.881595e-08	 8.269681e-09	
 3.886595e-08	 8.231407e-09	
 3.891595e-08	 8.220878e-09	
 3.896595e-08	 8.241156e-09	
 3.901595e-08	 8.147910e-09	
 3.906595e-08	 8.307175e-09	
 3.911595e-08	 8.290398e-09	
 3.916595e-08	 8.264617e-09	
 3.921595e-08	 8.243001e-09	
 3.926595e-08	 8.236755e-09	
 3.931595e-08	 8.218750e-09	
 3.936595e-08	 8.223608e-09	
 3.941595e-08	 8.186774e-09	
 3.946595e-08	 8.221962e-09	
 3.951595e-08	 8.214020e-09	
 3.956595e-08	 8.187196e-09	
 3.961595e-08	 8.199031e-09	
 3.966595e-08	 8.173439e-09	
 3.971595e-08	 8.219213e-09	
 3.976595e-08	 8.141237e-09	
 3.981595e-08	 8.260709e-09	
 3.986595e-08	 8.063056e-09	
 3.991595e-08	 7.969076e-09	
 3.996595e-08	 8.075165e-09	
 4.001595e-08	 8.050093e-09	
 4.006595e-08	 8.128037e-09	
 4.011595e-08	 8.087925e-09	
 4.016595e-08	 8.150213e-09	
 4.021595e-08	 8.114410e-09	
 4.026595e-08	 8.155735e-09	
 4.031595e-08	 8.198764e-09	
 4.036595e-08	 8.127515e-09	
 4.041595e-08	 8.138484e-09	
 4.046595e-08	 8.067753e-09	
 4.051595e-08	 8.199829e-09	
 4.056595e-08	 6.762636e-09	
 4.061595e-08	 8.366013e-09	
 4.066595e-08	 8.133281e-09	
 4.071595e-08	 8.076709e-09	
 4.076595e-08	 8.198282e-09	
 4.081595e-08	 8.058805e-09	
 4.086595e-08	 8.380031e-09	
 4.091595e-08	 8.042642e-09	
 4.096595e-08	 8.628113e-09	
 4.101595e-08	 7.788895e-09	
 4.106595e-08	 8.939377e-09	
 4.111595e-08	 8.663583e-09	
 4.116595e-08	 8.670587e-09	
 4.121595e-08	 8.391734e-09	
 4.126595e-08	 8.559153e-09	
 4.131595e-08	 8.199800e-09	
 4.136595e-08	 8.551638e-09	
 4.141595e-08	 8.009170e-09	
 4.146595e-08	 8.880731e-09	
 4.151595e-08	 7.639739e-09	
 4.156595e-08	 7.924432e-09	
 4.161595e-08	 7.936921e-09	
 4.166595e-08	 8.091256e-09	
 4.171595e-08	 8.063962e-09	
 4.176595e-08	 8.141464e-09	
 4.181595e-08	 8.135115e-09	
 4.186595e-08	 8.135055e-09	
 4.191595e-08	 8.195779e-09	
 4.196595e-08	 8.150950e-09	
 4.201595e-08	 8.315964e-09	
 4.206595e-08	 7.845097e-09	
 4.211595e-08	 8.324525e-09	
 4.216595e-08	 7.758592e-09	
 4.221595e-08	 7.644141e-09	
 4.226595e-08	 7.760526e-09	
 4.231595e-08	 7.918025e-09	
 4.236595e-08	 7.826335e-09	
 4.241595e-08	 8.214997e-09	
 4.246595e-08	 7.825589e-09	
 4.251595e-08	 8.658013e-09	
 4.256595e-08	 7.662871e-09	
 4.261595e-08	 8.903193e-09	
 4.266595e-08	 8.545297e-09	
 4.271595e-08	 8.556123e-09	
 4.276595e-08	 8.298369e-09	
 4.281595e-08	 8.412583e-09	
 4.286595e-08	 8.184137e-09	
 4.291595e-08	 8.363359e-09	
 4.296595e-08	 8.093581e-09	
 4.301595e-08	 8.374854e-09	
 4.306595e-08	 8.295138e-09	
 4.311595e-08	 8.225196e-09	
 4.316595e-08	 8.256725e-09	
 4.321595e-08	 8.188120e-09	
 4.326595e-08	 8.249274e-09	
 4.331595e-08	 8.234903e-09	
 4.336595e-08	 8.243475e-09	
 4.341595e-08	 8.203393e-09	
 4.346595e-08	 8.254837e-09	
 4.351595e-08	 8.146409e-09	
 4.356595e-08	 8.119672e-09	
 4.361595e-08	 8.149582e-09	
 4.366595e-08	 8.135939e-09	
 4.371595e-08	 8.165260e-09	
 4.376595e-08	 8.150965e-09	
 4.381595e-08	 8.179101e-09	
 4.386595e-08	 8.160706e-09	
 4.391595e-08	 8.131646e-09	
 4.396595e-08	 8.163086e-09	
 4.401595e-08	 8.259063e-09	
 4.406595e-08	 8.356404e-09	
 4.411595e-08	 8.299470e-09	
 4.416595e-08	 8.305807e-09	
 4.421595e-08	 8.292879e-09	
 4.426595e-08	 8.219147e-09	
 4.431595e-08	 8.344780e-09	
 4.436595e-08	 8.081330e-09	
 4.441595e-08	 8.451361e-09	
 4.446595e-08	 7.794890e-09	
 4.451595e-08	 8.748119e-09	
 4.456595e-08	 8.525271e-09	
 4.461595e-08	 8.491530e-09	
 4.466595e-08	 8.326502e-09	
 4.471595e-08	 8.368031e-09	
 4.476595e-08	 8.210707e-09	
 4.481595e-08	 8.320393e-09	
 4.486595e-08	 8.149918e-09	
 4.491595e-08	 8.275259e-09	
 4.496595e-08	 8.153392e-09	
 4.500000e-08	 8.246156e-09	
 4.500549e-08	-2.827777e-06	
 4.501299e-08	-4.606090e-06	
 4.502049e-08	-1.060902e-06	
 4.502799e-08	 8.249627e-06	
 4.503000e-08	 1.174047e-05	
 4.503134e-08	 1.466209e-05	
 4.503315e-08	 1.848587e-05	
 4.503571e-08	 2.247435e-05	
 4.504083e-08	 2.794218e-05	
 4.505107e-08	 3.173111e-05	
 4.507156e-08	 2.606993e-05	
 4.511252e-08	 6.396724e-06	
 4.516252e-08	-6.536151e-06	
 4.521252e-08	-4.049816e-06	
 4.526252e-08	-2.145440e-06	
 4.531252e-08	-1.413245e-07	
 4.536252e-08	 1.002343e-05	
 4.541252e-08	 2.930937e-05	
 4.546252e-08	 4.452565e-05	
 4.551252e-08	 4.853348e-05	
 4.556252e-08	 4.680802e-05	
 4.561252e-08	 3.593604e-05	
 4.566252e-08	 2.824948e-05	
 4.571252e-08	 1.821300e-05	
 4.576252e-08	 1.070296e-05	
 4.581252e-08	 5.876991e-06	
 4.586252e-08	-7.851068e-06	
 4.591252e-08	-7.022011e-06	
 4.596252e-08	-2.647506e-06	
 4.601252e-08	 2.761891e-05	
 4.606252e-08	 1.194086e-04	
 4.611252e-08	 2.922427e-04	
 4.616252e-08	 4.675087e-04	
 4.621252e-08	-2.597113e-04	
 4.626252e-08	-2.799747e-03	
 4.631252e-08	-1.007364e-02	
 4.636252e-08	-8.591400e-03	
 4.641252e-08	 5.801757e-02	
 4.646252e-08	 3.166435e-01	
 4.651252e-08	 8.140975e-01	
 4.655698e-08	 1.350405e+00	
 4.660103e-08	 1.807755e+00	
 4.664070e-08	 2.077585e+00	
 4.669070e-08	 2.288206e+00	
 4.673895e-08	 2.380429e+00	
 4.678209e-08	 2.435343e+00	
 4.681823e-08	 2.463069e+00	
 4.685359e-08	 2.478594e+00	
 4.689677e-08	 2.488970e+00	
 4.694042e-08	 2.494441e+00	
 4.699042e-08	 2.497497e+00	
 4.704042e-08	 2.498863e+00	
 4.709042e-08	 2.499486e+00	
 4.714042e-08	 2.499770e+00	
 4.719042e-08	 2.499898e+00	
 4.724042e-08	 2.499955e+00	
 4.729042e-08	 2.499980e+00	
 4.734042e-08	 2.499991e+00	
 4.739042e-08	 2.499996e+00	
 4.744042e-08	 2.499998e+00	
 4.749042e-08	 2.499999e+00	
 4.754042e-08	 2.499999e+00	
 4.759042e-08	 2.500000e+00	
 4.764042e-08	 2.500000e+00	
 4.769042e-08	 2.500000e+00	
 4.774042e-08	 2.500000e+00	
 4.779042e-08	 2.500000e+00	
 4.784042e-08	 2.500000e+00	
 4.789042e-08	 2.500000e+00	
 4.794042e-08	 2.500000e+00	
 4.799042e-08	 2.500000e+00	
 4.804042e-08	 2.500000e+00	
 4.809042e-08	 2.500000e+00	
 4.814042e-08	 2.500000e+00	
 4.819042e-08	 2.500000e+00	
 4.824042e-08	 2.500000e+00	
 4.829042e-08	 2.500000e+00	
 4.834042e-08	 2.500000e+00	
 4.839042e-08	 2.500000e+00	
 4.844042e-08	 2.500000e+00	
 4.849042e-08	 2.500000e+00	
 4.854042e-08	 2.500000e+00	
 4.859042e-08	 2.500000e+00	
 4.864042e-08	 2.500000e+00	
 4.869042e-08	 2.500000e+00	
 4.874042e-08	 2.500000e+00	
 4.879042e-08	 2.500000e+00	
 4.884042e-08	 2.500000e+00	
 4.889042e-08	 2.500000e+00	
 4.894042e-08	 2.500000e+00	
 4.899042e-08	 2.500000e+00	
 4.904042e-08	 2.500000e+00	
 4.909042e-08	 2.500000e+00	
 4.914042e-08	 2.500000e+00	
 4.919042e-08	 2.500000e+00	
 4.924042e-08	 2.500000e+00	
 4.929042e-08	 2.500000e+00	
 4.934042e-08	 2.500000e+00	
 4.939042e-08	 2.500000e+00	
 4.944042e-08	 2.500000e+00	
 4.949042e-08	 2.500000e+00	
 4.954042e-08	 2.500000e+00	
 4.959042e-08	 2.500000e+00	
 4.964042e-08	 2.500000e+00	
 4.969042e-08	 2.500000e+00	
 4.974042e-08	 2.500000e+00	
 4.979042e-08	 2.500000e+00	
 4.984042e-08	 2.500000e+00	
 4.989042e-08	 2.500000e+00	
 4.994042e-08	 2.500000e+00	
 4.999042e-08	 2.500000e+00	
 5.000000e-08	 2.500000e+00	
