 3.000000e-08	 3.472935e-09	
 3.000455e-08	-8.321707e-07	
 3.001205e-08	-1.547349e-06	
 3.001955e-08	-2.964254e-07	
 3.002705e-08	 3.123002e-06	
 3.003000e-08	 5.164793e-06	
 3.003145e-08	 6.383099e-06	
 3.003340e-08	 8.108806e-06	
 3.003629e-08	 9.836535e-06	
 3.004207e-08	 1.198326e-05	
 3.005363e-08	 1.201764e-05	
 3.007674e-08	 8.079351e-06	
 3.009877e-08	-2.930638e-07	
 3.012274e-08	-6.598593e-06	
 3.017070e-08	-8.396368e-06	
 3.022070e-08	-4.461508e-06	
 3.027070e-08	-7.979050e-07	
 3.032070e-08	 3.675923e-06	
 3.037070e-08	 8.365140e-06	
 3.042070e-08	-3.755278e-06	
 3.046477e-08	-9.767534e-06	
 3.050868e-08	-3.426322e-06	
 3.055868e-08	 2.439760e-06	
 3.060868e-08	 3.719598e-06	
 3.065868e-08	 2.627903e-06	
 3.070868e-08	 1.507815e-06	
 3.075868e-08	 5.701840e-07	
 3.080868e-08	 9.807689e-08	
 3.085868e-08	-1.237376e-07	
 3.090868e-08	-2.539782e-07	
 3.095868e-08	-1.730760e-07	
 3.100868e-08	-1.718196e-07	
 3.105868e-08	-1.649359e-07	
 3.110868e-08	-9.174485e-08	
 3.115868e-08	-7.982443e-08	
 3.120868e-08	-7.560347e-08	
 3.125868e-08	-2.832204e-08	
 3.130868e-08	-5.091195e-08	
 3.135868e-08	-4.802264e-08	
 3.140868e-08	-4.870870e-08	
 3.145868e-08	-3.303161e-08	
 3.150868e-08	-3.063627e-08	
 3.155868e-08	-2.515317e-08	
 3.160868e-08	-1.659972e-08	
 3.165868e-08	-5.987767e-10	
 3.170868e-08	-7.923500e-09	
 3.175868e-08	-1.028457e-08	
 3.180868e-08	-1.362891e-08	
 3.185868e-08	-7.117373e-09	
 3.190868e-08	-7.754213e-09	
 3.195868e-08	-4.852955e-09	
 3.200868e-08	-2.868150e-09	
 3.205868e-08	-7.106729e-10	
 3.210868e-08	-5.253267e-09	
 3.215868e-08	 2.205478e-09	
 3.220868e-08	 2.775162e-09	
 3.225868e-08	 4.321796e-09	
 3.230868e-08	 1.956439e-09	
 3.235868e-08	 5.890703e-09	
 3.240868e-08	 4.395185e-09	
 3.245868e-08	 5.190239e-09	
 3.250868e-08	 6.761567e-09	
 3.255868e-08	 4.519270e-09	
 3.260868e-08	 8.256495e-09	
 3.265868e-08	 5.230459e-09	
 3.270868e-08	 7.738950e-09	
 3.275868e-08	 4.896158e-09	
 3.280868e-08	 9.298185e-09	
 3.285868e-08	 5.755531e-09	
 3.290868e-08	 8.618892e-09	
 3.295868e-08	 5.683624e-09	
 3.300868e-08	 7.894076e-09	
 3.305868e-08	 7.974398e-09	
 3.310868e-08	 6.985516e-09	
 3.315868e-08	 7.839996e-09	
 3.320868e-08	 7.406696e-09	
 3.325868e-08	 7.439467e-09	
 3.330868e-08	 7.668773e-09	
 3.335868e-08	 7.126621e-09	
 3.340868e-08	 7.804956e-09	
 3.345868e-08	 7.566212e-09	
 3.350868e-08	 7.725284e-09	
 3.355868e-08	 7.872160e-09	
 3.360868e-08	 7.834242e-09	
 3.365868e-08	 7.607969e-09	
 3.370868e-08	 7.176865e-09	
 3.375868e-08	 8.416589e-09	
 3.380868e-08	 7.352925e-09	
 3.385868e-08	 7.864232e-09	
 3.390868e-08	 7.823794e-09	
 3.395868e-08	 8.081963e-09	
 3.400868e-08	 7.746445e-09	
 3.405868e-08	 8.027355e-09	
 3.410868e-08	 8.091394e-09	
 3.415868e-08	 8.636837e-09	
 3.420868e-08	 8.397542e-09	
 3.425868e-08	 8.395328e-09	
 3.430868e-08	 8.399280e-09	
 3.435868e-08	 7.612272e-09	
 3.440868e-08	 8.695014e-09	
 3.445868e-08	 6.898367e-09	
 3.450868e-08	 9.502613e-09	
 3.455868e-08	 6.590705e-09	
 3.460868e-08	 8.691776e-09	
 3.465868e-08	 8.668355e-09	
 3.470868e-08	 8.454303e-09	
 3.475868e-08	 8.467823e-09	
 3.480868e-08	 8.225096e-09	
 3.485868e-08	 8.333465e-09	
 3.490868e-08	 8.252331e-09	
 3.495868e-08	 8.217291e-09	
 3.500868e-08	 8.192818e-09	
 3.505868e-08	 8.178257e-09	
 3.510868e-08	 8.219536e-09	
 3.515868e-08	 8.637191e-09	
 3.520868e-08	 8.157269e-09	
 3.525868e-08	 8.249186e-09	
 3.530868e-08	 8.048244e-09	
 3.535868e-08	 8.102636e-09	
 3.540868e-08	 8.122109e-09	
 3.545868e-08	 8.109586e-09	
 3.550868e-08	 8.129229e-09	
 3.555868e-08	 8.113199e-09	
 3.560868e-08	 8.142687e-09	
 3.565868e-08	 8.059693e-09	
 3.570868e-08	 8.194565e-09	
 3.575868e-08	 8.148873e-09	
 3.580868e-08	 8.069758e-09	
 3.585868e-08	 8.406299e-09	
 3.590868e-08	 7.756468e-09	
 3.595868e-08	 8.446242e-09	
 3.600868e-08	 8.602813e-09	
 3.605868e-08	 8.461514e-09	
 3.610868e-08	 8.417618e-09	
 3.615868e-08	 8.374325e-09	
 3.620868e-08	 8.202507e-09	
 3.625868e-08	 8.419502e-09	
 3.630868e-08	 7.949578e-09	
 3.635868e-08	 8.508774e-09	
 3.640868e-08	 7.448340e-09	
 3.645868e-08	 7.815072e-09	
 3.650868e-08	 7.799201e-09	
 3.655868e-08	 8.044793e-09	
 3.660868e-08	 7.949088e-09	
 3.665868e-08	 8.137450e-09	
 3.670868e-08	 8.030143e-09	
 3.675868e-08	 8.159628e-09	
 3.680868e-08	 7.964961e-09	
 3.685868e-08	 8.239130e-09	
 3.690868e-08	 8.137607e-09	
 3.695868e-08	 8.322691e-09	
 3.700868e-08	 8.254762e-09	
 3.705868e-08	 8.258449e-09	
 3.710868e-08	 8.292765e-09	
 3.715868e-08	 8.138424e-09	
 3.720868e-08	 8.335779e-09	
 3.725868e-08	 7.885931e-09	
 3.730868e-08	 8.636697e-09	
 3.735868e-08	 7.231526e-09	
 3.740868e-08	 9.522329e-09	
 3.745868e-08	 6.819380e-09	
 3.750868e-08	 1.060451e-08	
 3.755868e-08	 7.651001e-09	
 3.760868e-08	 7.638514e-09	
 3.765868e-08	 7.947634e-09	
 3.770868e-08	 7.822269e-09	
 3.775868e-08	 8.107025e-09	
 3.780868e-08	 7.919845e-09	
 3.785868e-08	 8.206904e-09	
 3.790868e-08	 7.997936e-09	
 3.795868e-08	 8.286161e-09	
 3.800868e-08	 7.908511e-09	
 3.805868e-08	 8.444145e-09	
 3.810868e-08	 8.340373e-09	
 3.815868e-08	 7.883177e-09	
 3.820868e-08	 8.020494e-09	
 3.825868e-08	 7.903734e-09	
 3.830868e-08	 7.994837e-09	
 3.835868e-08	 8.054198e-09	
 3.840868e-08	 7.938448e-09	
 3.845868e-08	 8.285641e-09	
 3.850868e-08	 7.475508e-09	
 3.855868e-08	 8.896030e-09	
 3.860868e-08	 8.694596e-09	
 3.865868e-08	 8.602617e-09	
 3.870868e-08	 8.436473e-09	
 3.875868e-08	 8.445357e-09	
 3.880868e-08	 8.278448e-09	
 3.885868e-08	 8.378127e-09	
 3.890868e-08	 8.171247e-09	
 3.895868e-08	 8.296567e-09	
 3.900868e-08	 8.104259e-09	
 3.905868e-08	 8.447146e-09	
 3.910868e-08	 7.772032e-09	
 3.915868e-08	 8.606670e-09	
 3.920868e-08	 7.417849e-09	
 3.925868e-08	 8.263713e-09	
 3.930868e-08	 8.609194e-09	
 3.935868e-08	 8.335332e-09	
 3.940868e-08	 8.557184e-09	
 3.945868e-08	 8.263983e-09	
 3.950868e-08	 8.455733e-09	
 3.955868e-08	 8.184407e-09	
 3.960868e-08	 8.325680e-09	
 3.965868e-08	 8.157718e-09	
 3.970868e-08	 8.316752e-09	
 3.975868e-08	 8.153714e-09	
 3.980868e-08	 7.944468e-09	
 3.985868e-08	 8.311575e-09	
 3.990868e-08	 8.188581e-09	
 3.995868e-08	 8.365634e-09	
 4.000868e-08	 8.275257e-09	
 4.005868e-08	 8.274822e-09	
 4.010868e-08	 8.335378e-09	
 4.015868e-08	 8.069851e-09	
 4.020868e-08	 8.736763e-09	
 4.025868e-08	 8.438385e-09	
 4.030868e-08	 8.450925e-09	
 4.035868e-08	 8.263002e-09	
 4.040868e-08	 8.313510e-09	
 4.045868e-08	 8.215197e-09	
 4.050868e-08	 8.200497e-09	
 4.055868e-08	 8.183459e-09	
 4.060868e-08	 8.191558e-09	
 4.065868e-08	 8.164379e-09	
 4.070868e-08	 8.192244e-09	
 4.075868e-08	 8.136668e-09	
 4.080868e-08	 8.234658e-09	
 4.085868e-08	 8.049072e-09	
 4.090868e-08	 8.361056e-09	
 4.095868e-08	 8.302402e-09	
 4.100868e-08	 8.277701e-09	
 4.105868e-08	 8.262163e-09	
 4.110868e-08	 8.225713e-09	
 4.115868e-08	 8.260646e-09	
 4.120868e-08	 8.165786e-09	
 4.125868e-08	 8.395416e-09	
 4.130868e-08	 7.916590e-09	
 4.135868e-08	 8.895908e-09	
 4.140868e-08	 8.432159e-09	
 4.145868e-08	 8.488393e-09	
 4.150868e-08	 8.222269e-09	
 4.155868e-08	 8.319667e-09	
 4.160868e-08	 8.220885e-09	
 4.165868e-08	 8.208630e-09	
 4.170868e-08	 8.261113e-09	
 4.175868e-08	 8.089157e-09	
 4.180868e-08	 8.378053e-09	
 4.185868e-08	 7.597711e-09	
 4.190868e-08	 7.943194e-09	
 4.195868e-08	 7.922043e-09	
 4.200868e-08	 8.121525e-09	
 4.205868e-08	 8.065701e-09	
 4.210868e-08	 8.137981e-09	
 4.215868e-08	 8.200504e-09	
 4.220868e-08	 8.099589e-09	
 4.225868e-08	 8.321260e-09	
 4.230868e-08	 7.635659e-09	
 4.235868e-08	 8.770260e-09	
 4.240868e-08	 8.410369e-09	
 4.245868e-08	 8.430237e-09	
 4.250868e-08	 8.226785e-09	
 4.255868e-08	 8.298480e-09	
 4.260868e-08	 8.181597e-09	
 4.265868e-08	 8.211242e-09	
 4.270868e-08	 8.192269e-09	
 4.275868e-08	 8.200433e-09	
 4.280868e-08	 8.173260e-09	
 4.285868e-08	 8.199844e-09	
 4.290868e-08	 8.158701e-09	
 4.295868e-08	 8.208669e-09	
 4.300868e-08	 8.128886e-09	
 4.305868e-08	 8.279827e-09	
 4.310868e-08	 8.024273e-09	
 4.315868e-08	 8.408000e-09	
 4.320868e-08	 7.478750e-09	
 4.325868e-08	 7.961546e-09	
 4.330868e-08	 7.919648e-09	
 4.335868e-08	 8.169699e-09	
 4.340868e-08	 8.074894e-09	
 4.345868e-08	 8.197960e-09	
 4.350868e-08	 8.181701e-09	
 4.355868e-08	 8.133348e-09	
 4.360868e-08	 8.300929e-09	
 4.365868e-08	 7.950652e-09	
 4.370868e-08	 8.816373e-09	
 4.375868e-08	 8.467054e-09	
 4.380868e-08	 8.480517e-09	
 4.385868e-08	 8.254608e-09	
 4.390868e-08	 8.305118e-09	
 4.395868e-08	 8.212780e-09	
 4.400868e-08	 8.239188e-09	
 4.405868e-08	 8.163133e-09	
 4.410868e-08	 8.216166e-09	
 4.415868e-08	 8.139312e-09	
 4.420868e-08	 8.215337e-09	
 4.425868e-08	 8.106707e-09	
 4.430868e-08	 8.314865e-09	
 4.435868e-08	 8.015493e-09	
 4.440868e-08	 8.385652e-09	
 4.445868e-08	 7.832233e-09	
 4.450868e-08	 9.211432e-09	
 4.455868e-08	 8.375366e-09	
 4.460868e-08	 8.456995e-09	
 4.465868e-08	 8.094356e-09	
 4.470868e-08	 8.248496e-09	
 4.475868e-08	 8.083207e-09	
 4.480868e-08	 8.115455e-09	
 4.485868e-08	 8.378019e-09	
 4.490868e-08	 7.822979e-09	
 4.495868e-08	 8.621415e-09	
 4.500000e-08	 7.583865e-09	
 4.500595e-08	-2.971871e-06	
 4.501345e-08	-4.498627e-06	
 4.502095e-08	-6.297173e-07	
 4.502845e-08	 9.034858e-06	
 4.503000e-08	 1.166366e-05	
 4.503122e-08	 1.436443e-05	
 4.503288e-08	 1.793381e-05	
 4.503515e-08	 2.163295e-05	
 4.503971e-08	 2.696921e-05	
 4.504883e-08	 3.147227e-05	
 4.506706e-08	 2.805107e-05	
 4.510352e-08	 1.028329e-05	
 4.515352e-08	-5.257352e-06	
 4.520352e-08	-5.094441e-06	
 4.525352e-08	-2.226653e-06	
 4.530352e-08	-9.537079e-07	
 4.535352e-08	 7.847767e-06	
 4.540352e-08	 2.597386e-05	
 4.545352e-08	 4.269140e-05	
 4.550352e-08	 4.907797e-05	
 4.555352e-08	 4.593975e-05	
 4.560352e-08	 4.011927e-05	
 4.565352e-08	 2.864678e-05	
 4.570352e-08	 1.982440e-05	
 4.575352e-08	 1.170485e-05	
 4.580352e-08	 7.391464e-06	
 4.585352e-08	-6.280290e-06	
 4.590352e-08	-6.745096e-06	
 4.595352e-08	-4.767005e-06	
 4.600352e-08	 1.928531e-05	
 4.605352e-08	 9.570588e-05	
 4.610352e-08	 2.563794e-04	
 4.615352e-08	 4.651885e-04	
 4.620352e-08	-4.207243e-05	
 4.625352e-08	-2.185074e-03	
 4.630352e-08	-8.134957e-03	
 4.635352e-08	-1.242523e-02	
 4.640352e-08	 4.418928e-02	
 4.645352e-08	 2.565520e-01	
 4.650352e-08	 7.171291e-01	
 4.655352e-08	 1.312591e+00	
 4.659492e-08	 1.756967e+00	
 4.663568e-08	 2.051274e+00	
 4.668552e-08	 2.274508e+00	
 4.673552e-08	 2.375774e+00	
 4.678552e-08	 2.439013e+00	
 4.682336e-08	 2.466378e+00	
 4.686037e-08	 2.481029e+00	
 4.690533e-08	 2.490993e+00	
 4.694979e-08	 2.495781e+00	
 4.699969e-08	 2.498097e+00	
 4.704969e-08	 2.499131e+00	
 4.709969e-08	 2.499609e+00	
 4.714969e-08	 2.499825e+00	
 4.719969e-08	 2.499923e+00	
 4.724969e-08	 2.499966e+00	
 4.729969e-08	 2.499985e+00	
 4.734969e-08	 2.499993e+00	
 4.739969e-08	 2.499997e+00	
 4.744969e-08	 2.499999e+00	
 4.749969e-08	 2.499999e+00	
 4.754969e-08	 2.500000e+00	
 4.759969e-08	 2.500000e+00	
 4.764969e-08	 2.500000e+00	
 4.769969e-08	 2.500000e+00	
 4.774969e-08	 2.500000e+00	
 4.779969e-08	 2.500000e+00	
 4.784969e-08	 2.500000e+00	
 4.789969e-08	 2.500000e+00	
 4.794969e-08	 2.500000e+00	
 4.799969e-08	 2.500000e+00	
 4.804969e-08	 2.500000e+00	
 4.809969e-08	 2.500000e+00	
 4.814969e-08	 2.500000e+00	
 4.819969e-08	 2.500000e+00	
 4.824969e-08	 2.500000e+00	
 4.829969e-08	 2.500000e+00	
 4.834969e-08	 2.500000e+00	
 4.839969e-08	 2.500000e+00	
 4.844969e-08	 2.500000e+00	
 4.849969e-08	 2.500000e+00	
 4.854969e-08	 2.500000e+00	
 4.859969e-08	 2.500000e+00	
 4.864969e-08	 2.500000e+00	
 4.869969e-08	 2.500000e+00	
 4.874969e-08	 2.500000e+00	
 4.879969e-08	 2.500000e+00	
 4.884969e-08	 2.500000e+00	
 4.889969e-08	 2.500000e+00	
 4.894969e-08	 2.500000e+00	
 4.899969e-08	 2.500000e+00	
 4.904969e-08	 2.500000e+00	
 4.909969e-08	 2.500000e+00	
 4.914969e-08	 2.500000e+00	
 4.919969e-08	 2.500000e+00	
 4.924969e-08	 2.500000e+00	
 4.929969e-08	 2.500000e+00	
 4.934969e-08	 2.500000e+00	
 4.939969e-08	 2.500000e+00	
 4.944969e-08	 2.500000e+00	
 4.949969e-08	 2.500000e+00	
 4.954969e-08	 2.500000e+00	
 4.959969e-08	 2.500000e+00	
 4.964969e-08	 2.500000e+00	
 4.969969e-08	 2.500000e+00	
 4.974969e-08	 2.500000e+00	
 4.979969e-08	 2.500000e+00	
 4.984969e-08	 2.500000e+00	
 4.989969e-08	 2.500000e+00	
 4.994969e-08	 2.500000e+00	
 4.999969e-08	 2.500000e+00	
 5.000000e-08	 2.500000e+00	
