 3.000000e-08	 3.462926e-09	
 3.000455e-08	-8.321925e-07	
 3.001205e-08	-1.547376e-06	
 3.001955e-08	-2.964421e-07	
 3.002705e-08	 3.123025e-06	
 3.003000e-08	 5.164818e-06	
 3.003145e-08	 6.383147e-06	
 3.003340e-08	 8.108849e-06	
 3.003629e-08	 9.836612e-06	
 3.004207e-08	 1.198332e-05	
 3.005363e-08	 1.201767e-05	
 3.007674e-08	 8.079354e-06	
 3.009877e-08	-2.931551e-07	
 3.012274e-08	-6.598670e-06	
 3.017070e-08	-8.396404e-06	
 3.022070e-08	-4.461481e-06	
 3.027070e-08	-7.978795e-07	
 3.032070e-08	 3.675968e-06	
 3.037070e-08	 8.365155e-06	
 3.042070e-08	-3.755338e-06	
 3.046477e-08	-9.767594e-06	
 3.050868e-08	-3.426309e-06	
 3.055868e-08	 2.439795e-06	
 3.060868e-08	 3.719617e-06	
 3.065868e-08	 2.627904e-06	
 3.070868e-08	 1.507821e-06	
 3.075868e-08	 5.701839e-07	
 3.080868e-08	 9.806703e-08	
 3.085868e-08	-1.237405e-07	
 3.090868e-08	-2.539750e-07	
 3.095868e-08	-1.730820e-07	
 3.100868e-08	-1.718197e-07	
 3.105868e-08	-1.649265e-07	
 3.110868e-08	-9.173587e-08	
 3.115868e-08	-7.982068e-08	
 3.120868e-08	-7.559944e-08	
 3.125868e-08	-2.832682e-08	
 3.130868e-08	-5.091280e-08	
 3.135868e-08	-4.801466e-08	
 3.140868e-08	-4.870484e-08	
 3.145868e-08	-3.302626e-08	
 3.150868e-08	-3.063259e-08	
 3.155868e-08	-2.515100e-08	
 3.160868e-08	-1.659702e-08	
 3.165868e-08	-5.947647e-10	
 3.170868e-08	-7.924992e-09	
 3.175868e-08	-1.028838e-08	
 3.180868e-08	-1.363148e-08	
 3.185868e-08	-7.115998e-09	
 3.190868e-08	-7.758844e-09	
 3.195868e-08	-4.856997e-09	
 3.200868e-08	-2.872425e-09	
 3.205868e-08	-7.148169e-10	
 3.210868e-08	-5.258295e-09	
 3.215868e-08	 2.203465e-09	
 3.220868e-08	 2.771894e-09	
 3.225868e-08	 4.364208e-09	
 3.230868e-08	 1.982689e-09	
 3.235868e-08	 2.867056e-09	
 3.240868e-08	 5.133701e-09	
 3.245868e-08	 2.823227e-09	
 3.250868e-08	 7.495838e-09	
 3.255868e-08	 4.189746e-09	
 3.260868e-08	 7.791271e-09	
 3.265868e-08	 4.995430e-09	
 3.270868e-08	 9.184249e-09	
 3.275868e-08	 5.734747e-09	
 3.280868e-08	 6.582183e-09	
 3.285868e-08	 7.378519e-09	
 3.290868e-08	 7.276203e-09	
 3.295868e-08	 5.744962e-09	
 3.300868e-08	 7.586719e-09	
 3.305868e-08	 7.497787e-09	
 3.310868e-08	 6.536377e-09	
 3.315868e-08	 7.507686e-09	
 3.320868e-08	 6.950560e-09	
 3.325868e-08	 6.792173e-09	
 3.330868e-08	 7.293945e-09	
 3.335868e-08	 6.654139e-09	
 3.340868e-08	 7.765473e-09	
 3.345868e-08	 6.985836e-09	
 3.350868e-08	 7.903653e-09	
 3.355868e-08	 8.011877e-09	
 3.360868e-08	 7.970393e-09	
 3.365868e-08	 7.948533e-09	
 3.370868e-08	 7.695636e-09	
 3.375868e-08	 7.471283e-09	
 3.380868e-08	 8.256454e-09	
 3.385868e-08	 7.014410e-09	
 3.390868e-08	 9.229092e-09	
 3.395868e-08	 7.239949e-09	
 3.400868e-08	 7.729490e-09	
 3.405868e-08	 7.790641e-09	
 3.410868e-08	 7.989953e-09	
 3.415868e-08	 7.871753e-09	
 3.420868e-08	 7.848817e-09	
 3.425868e-08	 8.336414e-09	
 3.430868e-08	 8.049608e-09	
 3.435868e-08	 8.394775e-09	
 3.440868e-08	 9.691893e-09	
 3.445868e-08	 8.180361e-09	
 3.450868e-08	 8.271347e-09	
 3.455868e-08	 7.792873e-09	
 3.460868e-08	 7.932461e-09	
 3.465868e-08	 7.700681e-09	
 3.470868e-08	 8.247131e-09	
 3.475868e-08	 7.682671e-09	
 3.480868e-08	 7.845199e-09	
 3.485868e-08	 8.073431e-09	
 3.490868e-08	 7.977452e-09	
 3.495868e-08	 8.221935e-09	
 3.500868e-08	 7.899233e-09	
 3.505868e-08	 8.427294e-09	
 3.510868e-08	 7.893437e-09	
 3.515868e-08	 8.481434e-09	
 3.520868e-08	 7.936016e-09	
 3.525868e-08	 8.167803e-09	
 3.530868e-08	 8.161573e-09	
 3.535868e-08	 8.169534e-09	
 3.540868e-08	 8.176626e-09	
 3.545868e-08	 8.188062e-09	
 3.550868e-08	 8.205030e-09	
 3.555868e-08	 8.247310e-09	
 3.560868e-08	 8.071534e-09	
 3.565868e-08	 8.302839e-09	
 3.570868e-08	 8.373027e-09	
 3.575868e-08	 8.311711e-09	
 3.580868e-08	 8.332111e-09	
 3.585868e-08	 8.282202e-09	
 3.590868e-08	 8.265448e-09	
 3.595868e-08	 8.272765e-09	
 3.600868e-08	 8.179381e-09	
 3.605868e-08	 8.312217e-09	
 3.610868e-08	 8.139849e-09	
 3.615868e-08	 8.415257e-09	
 3.620868e-08	 7.789806e-09	
 3.625868e-08	 8.631011e-09	
 3.630868e-08	 6.781654e-09	
 3.635868e-08	 9.854967e-09	
 3.640868e-08	 9.515475e-09	
 3.645868e-08	 9.238226e-09	
 3.650868e-08	 8.918634e-09	
 3.655868e-08	 8.846671e-09	
 3.660868e-08	 8.499701e-09	
 3.665868e-08	 8.650891e-09	
 3.670868e-08	 8.204925e-09	
 3.675868e-08	 8.709329e-09	
 3.680868e-08	 7.607935e-09	
 3.685868e-08	 9.325087e-09	
 3.690868e-08	 7.214600e-09	
 3.695868e-08	 9.821183e-09	
 3.700868e-08	 9.130224e-09	
 3.705868e-08	 9.087411e-09	
 3.710868e-08	 8.589157e-09	
 3.715868e-08	 8.744263e-09	
 3.720868e-08	 8.292861e-09	
 3.725868e-08	 8.627477e-09	
 3.730868e-08	 8.099653e-09	
 3.735868e-08	 8.582635e-09	
 3.740868e-08	 7.813663e-09	
 3.745868e-08	 8.717139e-09	
 3.750868e-08	 7.529233e-09	
 3.755868e-08	 9.794833e-09	
 3.760868e-08	 8.570733e-09	
 3.765868e-08	 8.715634e-09	
 3.770868e-08	 8.086572e-09	
 3.775868e-08	 8.323212e-09	
 3.780868e-08	 8.038288e-09	
 3.785868e-08	 7.938091e-09	
 3.790868e-08	 8.216874e-09	
 3.795868e-08	 7.926752e-09	
 3.800868e-08	 8.466505e-09	
 3.805868e-08	 7.359855e-09	
 3.810868e-08	 7.893691e-09	
 3.815868e-08	 7.866575e-09	
 3.820868e-08	 8.151600e-09	
 3.825868e-08	 8.043638e-09	
 3.830868e-08	 8.225516e-09	
 3.835868e-08	 8.157618e-09	
 3.840868e-08	 8.175183e-09	
 3.845868e-08	 8.440130e-09	
 3.850868e-08	 8.000053e-09	
 3.855868e-08	 8.592302e-09	
 3.860868e-08	 8.191039e-09	
 3.865868e-08	 8.278693e-09	
 3.870868e-08	 8.087605e-09	
 3.875868e-08	 8.162150e-09	
 3.880868e-08	 8.137796e-09	
 3.885868e-08	 8.015509e-09	
 3.890868e-08	 8.342180e-09	
 3.895868e-08	 7.623609e-09	
 3.900868e-08	 7.887539e-09	
 3.905868e-08	 8.096308e-09	
 3.910868e-08	 8.008404e-09	
 3.915868e-08	 8.193623e-09	
 3.920868e-08	 8.049436e-09	
 3.925868e-08	 8.244900e-09	
 3.930868e-08	 8.014856e-09	
 3.935868e-08	 8.325419e-09	
 3.940868e-08	 7.911198e-09	
 3.945868e-08	 8.535369e-09	
 3.950868e-08	 8.163879e-09	
 3.955868e-08	 8.195407e-09	
 3.960868e-08	 8.220176e-09	
 3.965868e-08	 8.170022e-09	
 3.970868e-08	 8.239455e-09	
 3.975868e-08	 8.111116e-09	
 3.980868e-08	 8.269629e-09	
 3.985868e-08	 8.004335e-09	
 3.990868e-08	 8.042908e-09	
 3.995868e-08	 8.109141e-09	
 4.000868e-08	 8.077289e-09	
 4.005868e-08	 8.155727e-09	
 4.010868e-08	 8.080865e-09	
 4.015868e-08	 8.201261e-09	
 4.020868e-08	 7.985597e-09	
 4.025868e-08	 8.348839e-09	
 4.030868e-08	 8.307594e-09	
 4.035868e-08	 8.272164e-09	
 4.040868e-08	 8.263761e-09	
 4.045868e-08	 8.212899e-09	
 4.050868e-08	 8.277899e-09	
 4.055868e-08	 8.133252e-09	
 4.060868e-08	 8.404646e-09	
 4.065868e-08	 7.944843e-09	
 4.070868e-08	 8.448097e-09	
 4.075868e-08	 8.268646e-09	
 4.080868e-08	 8.234667e-09	
 4.085868e-08	 8.253268e-09	
 4.090868e-08	 8.249647e-09	
 4.095868e-08	 8.242493e-09	
 4.100868e-08	 8.260429e-09	
 4.105868e-08	 8.257812e-09	
 4.110868e-08	 8.241800e-09	
 4.115868e-08	 8.293745e-09	
 4.120868e-08	 8.111450e-09	
 4.125868e-08	 8.861711e-09	
 4.130868e-08	 8.398101e-09	
 4.135868e-08	 8.445556e-09	
 4.140868e-08	 8.205176e-09	
 4.145868e-08	 8.293461e-09	
 4.150868e-08	 8.193365e-09	
 4.155868e-08	 8.219576e-09	
 4.160868e-08	 8.163105e-09	
 4.165868e-08	 8.190538e-09	
 4.170868e-08	 8.167369e-09	
 4.175868e-08	 8.167518e-09	
 4.180868e-08	 8.188082e-09	
 4.185868e-08	 8.134486e-09	
 4.190868e-08	 8.173192e-09	
 4.195868e-08	 8.195104e-09	
 4.200868e-08	 8.184047e-09	
 4.205868e-08	 8.210790e-09	
 4.210868e-08	 8.168841e-09	
 4.215868e-08	 8.211153e-09	
 4.220868e-08	 8.148004e-09	
 4.225868e-08	 8.238489e-09	
 4.230868e-08	 8.139906e-09	
 4.235868e-08	 8.228668e-09	
 4.240868e-08	 8.526623e-09	
 4.245868e-08	 8.183246e-09	
 4.250868e-08	 8.274586e-09	
 4.255868e-08	 8.108024e-09	
 4.260868e-08	 8.155899e-09	
 4.265868e-08	 8.165451e-09	
 4.270868e-08	 8.064269e-09	
 4.275868e-08	 8.331137e-09	
 4.280868e-08	 7.705406e-09	
 4.285868e-08	 8.727242e-09	
 4.290868e-08	 7.200097e-09	
 4.295868e-08	 7.491027e-09	
 4.300868e-08	 7.594721e-09	
 4.305868e-08	 7.864719e-09	
 4.310868e-08	 7.795005e-09	
 4.315868e-08	 8.111690e-09	
 4.320868e-08	 7.847058e-09	
 4.325868e-08	 8.291311e-09	
 4.330868e-08	 7.794228e-09	
 4.335868e-08	 8.529815e-09	
 4.340868e-08	 7.869629e-09	
 4.345868e-08	 7.735570e-09	
 4.350868e-08	 8.063436e-09	
 4.355868e-08	 7.940258e-09	
 4.360868e-08	 8.215487e-09	
 4.365868e-08	 7.987715e-09	
 4.370868e-08	 8.295876e-09	
 4.375868e-08	 7.973116e-09	
 4.380868e-08	 8.417059e-09	
 4.385868e-08	 7.762996e-09	
 4.390868e-08	 8.668114e-09	
 4.395868e-08	 7.222920e-09	
 4.400868e-08	 8.478610e-09	
 4.405868e-08	 8.226372e-09	
 4.410868e-08	 8.208440e-09	
 4.415868e-08	 8.187223e-09	
 4.420868e-08	 8.111322e-09	
 4.425868e-08	 8.263921e-09	
 4.430868e-08	 7.999062e-09	
 4.435868e-08	 8.415129e-09	
 4.440868e-08	 7.708182e-09	
 4.445868e-08	 8.671596e-09	
 4.450868e-08	 7.457018e-09	
 4.455868e-08	 9.200248e-09	
 4.460868e-08	 6.655230e-09	
 4.465868e-08	 9.507859e-09	
 4.470868e-08	 9.022352e-09	
 4.475868e-08	 8.878460e-09	
 4.480868e-08	 8.575194e-09	
 4.485868e-08	 8.560155e-09	
 4.490868e-08	 8.361276e-09	
 4.495868e-08	 8.389397e-09	
 4.500000e-08	 8.307817e-09	
 4.500595e-08	-2.971191e-06	
 4.501345e-08	-4.498032e-06	
 4.502095e-08	-6.291092e-07	
 4.502845e-08	 9.035557e-06	
 4.503000e-08	 1.166439e-05	
 4.503122e-08	 1.436518e-05	
 4.503288e-08	 1.793450e-05	
 4.503515e-08	 2.163366e-05	
 4.503971e-08	 2.696978e-05	
 4.504883e-08	 3.147274e-05	
 4.506706e-08	 2.805122e-05	
 4.510352e-08	 1.028327e-05	
 4.515352e-08	-5.257462e-06	
 4.520352e-08	-5.094444e-06	
 4.525352e-08	-2.226619e-06	
 4.530352e-08	-9.537031e-07	
 4.535352e-08	 7.847735e-06	
 4.540352e-08	 2.597387e-05	
 4.545352e-08	 4.269145e-05	
 4.550352e-08	 4.907803e-05	
 4.555352e-08	 4.593979e-05	
 4.560352e-08	 4.011930e-05	
 4.565352e-08	 2.864677e-05	
 4.570352e-08	 1.982438e-05	
 4.575352e-08	 1.170481e-05	
 4.580352e-08	 7.391434e-06	
 4.585352e-08	-6.280373e-06	
 4.590352e-08	-6.745073e-06	
 4.595352e-08	-4.767037e-06	
 4.600352e-08	 1.928524e-05	
 4.605352e-08	 9.570581e-05	
 4.610352e-08	 2.563794e-04	
 4.615352e-08	 4.651895e-04	
 4.620352e-08	-4.206923e-05	
 4.625352e-08	-2.185069e-03	
 4.630352e-08	-8.134931e-03	
 4.635352e-08	-1.242529e-02	
 4.640352e-08	 4.418885e-02	
 4.645352e-08	 2.565505e-01	
 4.650352e-08	 7.171265e-01	
 4.655352e-08	 1.312589e+00	
 4.659492e-08	 1.756966e+00	
 4.663568e-08	 2.051274e+00	
 4.668552e-08	 2.274509e+00	
 4.673552e-08	 2.375775e+00	
 4.678552e-08	 2.439013e+00	
 4.682336e-08	 2.466379e+00	
 4.686037e-08	 2.481030e+00	
 4.690533e-08	 2.490993e+00	
 4.694979e-08	 2.495781e+00	
 4.699969e-08	 2.498097e+00	
 4.704969e-08	 2.499131e+00	
 4.709969e-08	 2.499609e+00	
 4.714969e-08	 2.499825e+00	
 4.719969e-08	 2.499923e+00	
 4.724969e-08	 2.499966e+00	
 4.729969e-08	 2.499985e+00	
 4.734969e-08	 2.499993e+00	
 4.739969e-08	 2.499997e+00	
 4.744969e-08	 2.499999e+00	
 4.749969e-08	 2.499999e+00	
 4.754969e-08	 2.500000e+00	
 4.759969e-08	 2.500000e+00	
 4.764969e-08	 2.500000e+00	
 4.769969e-08	 2.500000e+00	
 4.774969e-08	 2.500000e+00	
 4.779969e-08	 2.500000e+00	
 4.784969e-08	 2.500000e+00	
 4.789969e-08	 2.500000e+00	
 4.794969e-08	 2.500000e+00	
 4.799969e-08	 2.500000e+00	
 4.804969e-08	 2.500000e+00	
 4.809969e-08	 2.500000e+00	
 4.814969e-08	 2.500000e+00	
 4.819969e-08	 2.500000e+00	
 4.824969e-08	 2.500000e+00	
 4.829969e-08	 2.500000e+00	
 4.834969e-08	 2.500000e+00	
 4.839969e-08	 2.500000e+00	
 4.844969e-08	 2.500000e+00	
 4.849969e-08	 2.500000e+00	
 4.854969e-08	 2.500000e+00	
 4.859969e-08	 2.500000e+00	
 4.864969e-08	 2.500000e+00	
 4.869969e-08	 2.500000e+00	
 4.874969e-08	 2.500000e+00	
 4.879969e-08	 2.500000e+00	
 4.884969e-08	 2.500000e+00	
 4.889969e-08	 2.500000e+00	
 4.894969e-08	 2.500000e+00	
 4.899969e-08	 2.500000e+00	
 4.904969e-08	 2.500000e+00	
 4.909969e-08	 2.500000e+00	
 4.914969e-08	 2.500000e+00	
 4.919969e-08	 2.500000e+00	
 4.924969e-08	 2.500000e+00	
 4.929969e-08	 2.500000e+00	
 4.934969e-08	 2.500000e+00	
 4.939969e-08	 2.500000e+00	
 4.944969e-08	 2.500000e+00	
 4.949969e-08	 2.500000e+00	
 4.954969e-08	 2.500000e+00	
 4.959969e-08	 2.500000e+00	
 4.964969e-08	 2.500000e+00	
 4.969969e-08	 2.500000e+00	
 4.974969e-08	 2.500000e+00	
 4.979969e-08	 2.500000e+00	
 4.984969e-08	 2.500000e+00	
 4.989969e-08	 2.500000e+00	
 4.994969e-08	 2.500000e+00	
 4.999969e-08	 2.500000e+00	
 5.000000e-08	 2.500000e+00	
