 3.000000e-08	 2.500000e+00	
 3.000455e-08	 2.500000e+00	
 3.001205e-08	 2.500000e+00	
 3.001955e-08	 2.500000e+00	
 3.002705e-08	 2.500001e+00	
 3.003000e-08	 2.500002e+00	
 3.003145e-08	 2.500002e+00	
 3.003340e-08	 2.500003e+00	
 3.003629e-08	 2.500004e+00	
 3.004207e-08	 2.500004e+00	
 3.005363e-08	 2.500004e+00	
 3.007674e-08	 2.500005e+00	
 3.009877e-08	 2.500001e+00	
 3.012274e-08	 2.499997e+00	
 3.017070e-08	 2.499997e+00	
 3.022070e-08	 2.499999e+00	
 3.027070e-08	 2.500000e+00	
 3.032070e-08	 2.500000e+00	
 3.037070e-08	 2.500001e+00	
 3.042070e-08	 2.499999e+00	
 3.047070e-08	 2.499999e+00	
 3.051595e-08	 2.500001e+00	
 3.056595e-08	 2.500001e+00	
 3.061595e-08	 2.500001e+00	
 3.066595e-08	 2.500000e+00	
 3.071595e-08	 2.500000e+00	
 3.076595e-08	 2.500000e+00	
 3.081595e-08	 2.500000e+00	
 3.086595e-08	 2.500000e+00	
 3.091595e-08	 2.500000e+00	
 3.096595e-08	 2.500000e+00	
 3.101595e-08	 2.500000e+00	
 3.106595e-08	 2.500000e+00	
 3.111595e-08	 2.500000e+00	
 3.116595e-08	 2.500000e+00	
 3.121595e-08	 2.500000e+00	
 3.126595e-08	 2.500000e+00	
 3.131595e-08	 2.500000e+00	
 3.136595e-08	 2.500000e+00	
 3.141595e-08	 2.500000e+00	
 3.146595e-08	 2.500000e+00	
 3.151595e-08	 2.500000e+00	
 3.156595e-08	 2.500000e+00	
 3.161595e-08	 2.500000e+00	
 3.166595e-08	 2.500000e+00	
 3.171595e-08	 2.500000e+00	
 3.176595e-08	 2.500000e+00	
 3.181595e-08	 2.500000e+00	
 3.186595e-08	 2.500000e+00	
 3.191595e-08	 2.500000e+00	
 3.196595e-08	 2.500000e+00	
 3.201595e-08	 2.500000e+00	
 3.206595e-08	 2.500000e+00	
 3.211595e-08	 2.500000e+00	
 3.216595e-08	 2.500000e+00	
 3.221595e-08	 2.500000e+00	
 3.226595e-08	 2.500000e+00	
 3.231595e-08	 2.500000e+00	
 3.236595e-08	 2.500000e+00	
 3.241595e-08	 2.500000e+00	
 3.246595e-08	 2.500000e+00	
 3.251595e-08	 2.500000e+00	
 3.256595e-08	 2.500000e+00	
 3.261595e-08	 2.500000e+00	
 3.266595e-08	 2.500000e+00	
 3.271595e-08	 2.500000e+00	
 3.276595e-08	 2.500000e+00	
 3.281595e-08	 2.500000e+00	
 3.286595e-08	 2.500000e+00	
 3.291595e-08	 2.500000e+00	
 3.296595e-08	 2.500000e+00	
 3.301595e-08	 2.500000e+00	
 3.306595e-08	 2.500000e+00	
 3.311595e-08	 2.500000e+00	
 3.316595e-08	 2.500000e+00	
 3.321595e-08	 2.500000e+00	
 3.326595e-08	 2.500000e+00	
 3.331595e-08	 2.500000e+00	
 3.336595e-08	 2.500000e+00	
 3.341595e-08	 2.500000e+00	
 3.346595e-08	 2.500000e+00	
 3.351595e-08	 2.500000e+00	
 3.356595e-08	 2.500000e+00	
 3.361595e-08	 2.500000e+00	
 3.366595e-08	 2.500000e+00	
 3.371595e-08	 2.500000e+00	
 3.376595e-08	 2.500000e+00	
 3.381595e-08	 2.500000e+00	
 3.386595e-08	 2.500000e+00	
 3.391595e-08	 2.500000e+00	
 3.396595e-08	 2.500000e+00	
 3.401595e-08	 2.500000e+00	
 3.406595e-08	 2.500000e+00	
 3.411595e-08	 2.500000e+00	
 3.416595e-08	 2.500000e+00	
 3.421595e-08	 2.500000e+00	
 3.426595e-08	 2.500000e+00	
 3.431595e-08	 2.500000e+00	
 3.436595e-08	 2.500000e+00	
 3.441595e-08	 2.500000e+00	
 3.446595e-08	 2.500000e+00	
 3.451595e-08	 2.500000e+00	
 3.456595e-08	 2.500000e+00	
 3.461595e-08	 2.500000e+00	
 3.466595e-08	 2.500000e+00	
 3.471595e-08	 2.500000e+00	
 3.476595e-08	 2.500000e+00	
 3.481595e-08	 2.500000e+00	
 3.486595e-08	 2.500000e+00	
 3.491595e-08	 2.500000e+00	
 3.496595e-08	 2.500000e+00	
 3.501595e-08	 2.500000e+00	
 3.506595e-08	 2.500000e+00	
 3.511595e-08	 2.500000e+00	
 3.516595e-08	 2.500000e+00	
 3.521595e-08	 2.500000e+00	
 3.526595e-08	 2.500000e+00	
 3.531595e-08	 2.500000e+00	
 3.536595e-08	 2.500000e+00	
 3.541595e-08	 2.500000e+00	
 3.546595e-08	 2.500000e+00	
 3.551595e-08	 2.500000e+00	
 3.556595e-08	 2.500000e+00	
 3.561595e-08	 2.500000e+00	
 3.566595e-08	 2.500000e+00	
 3.571595e-08	 2.500000e+00	
 3.576595e-08	 2.500000e+00	
 3.581595e-08	 2.500000e+00	
 3.586595e-08	 2.500000e+00	
 3.591595e-08	 2.500000e+00	
 3.596595e-08	 2.500000e+00	
 3.601595e-08	 2.500000e+00	
 3.606595e-08	 2.500000e+00	
 3.611595e-08	 2.500000e+00	
 3.616595e-08	 2.500000e+00	
 3.621595e-08	 2.500000e+00	
 3.626595e-08	 2.500000e+00	
 3.631595e-08	 2.500000e+00	
 3.636595e-08	 2.500000e+00	
 3.641595e-08	 2.500000e+00	
 3.646595e-08	 2.500000e+00	
 3.651595e-08	 2.500000e+00	
 3.656595e-08	 2.500000e+00	
 3.661595e-08	 2.500000e+00	
 3.666595e-08	 2.500000e+00	
 3.671595e-08	 2.500000e+00	
 3.676595e-08	 2.500000e+00	
 3.681595e-08	 2.500000e+00	
 3.686595e-08	 2.500000e+00	
 3.691595e-08	 2.500000e+00	
 3.696595e-08	 2.500000e+00	
 3.701595e-08	 2.500000e+00	
 3.706595e-08	 2.500000e+00	
 3.711595e-08	 2.500000e+00	
 3.716595e-08	 2.500000e+00	
 3.721595e-08	 2.500000e+00	
 3.726595e-08	 2.500000e+00	
 3.731595e-08	 2.500000e+00	
 3.736595e-08	 2.500000e+00	
 3.741595e-08	 2.500000e+00	
 3.746595e-08	 2.500000e+00	
 3.751595e-08	 2.500000e+00	
 3.756595e-08	 2.500000e+00	
 3.761595e-08	 2.500000e+00	
 3.766595e-08	 2.500000e+00	
 3.771595e-08	 2.500000e+00	
 3.776595e-08	 2.500000e+00	
 3.781595e-08	 2.500000e+00	
 3.786595e-08	 2.500000e+00	
 3.791595e-08	 2.500000e+00	
 3.796595e-08	 2.500000e+00	
 3.801595e-08	 2.500000e+00	
 3.806595e-08	 2.500000e+00	
 3.811595e-08	 2.500000e+00	
 3.816595e-08	 2.500000e+00	
 3.821595e-08	 2.500000e+00	
 3.826595e-08	 2.500000e+00	
 3.831595e-08	 2.500000e+00	
 3.836595e-08	 2.500000e+00	
 3.841595e-08	 2.500000e+00	
 3.846595e-08	 2.500000e+00	
 3.851595e-08	 2.500000e+00	
 3.856595e-08	 2.500000e+00	
 3.861595e-08	 2.500000e+00	
 3.866595e-08	 2.500000e+00	
 3.871595e-08	 2.500000e+00	
 3.876595e-08	 2.500000e+00	
 3.881595e-08	 2.500000e+00	
 3.886595e-08	 2.500000e+00	
 3.891595e-08	 2.500000e+00	
 3.896595e-08	 2.500000e+00	
 3.901595e-08	 2.500000e+00	
 3.906595e-08	 2.500000e+00	
 3.911595e-08	 2.500000e+00	
 3.916595e-08	 2.500000e+00	
 3.921595e-08	 2.500000e+00	
 3.926595e-08	 2.500000e+00	
 3.931595e-08	 2.500000e+00	
 3.936595e-08	 2.500000e+00	
 3.941595e-08	 2.500000e+00	
 3.946595e-08	 2.500000e+00	
 3.951595e-08	 2.500000e+00	
 3.956595e-08	 2.500000e+00	
 3.961595e-08	 2.500000e+00	
 3.966595e-08	 2.500000e+00	
 3.971595e-08	 2.500000e+00	
 3.976595e-08	 2.500000e+00	
 3.981595e-08	 2.500000e+00	
 3.986595e-08	 2.500000e+00	
 3.991595e-08	 2.500000e+00	
 3.996595e-08	 2.500000e+00	
 4.001595e-08	 2.500000e+00	
 4.006595e-08	 2.500000e+00	
 4.011595e-08	 2.500000e+00	
 4.016595e-08	 2.500000e+00	
 4.021595e-08	 2.500000e+00	
 4.026595e-08	 2.500000e+00	
 4.031595e-08	 2.500000e+00	
 4.036595e-08	 2.500000e+00	
 4.041595e-08	 2.500000e+00	
 4.046595e-08	 2.500000e+00	
 4.051595e-08	 2.500000e+00	
 4.056595e-08	 2.500000e+00	
 4.061595e-08	 2.500000e+00	
 4.066595e-08	 2.500000e+00	
 4.071595e-08	 2.500000e+00	
 4.076595e-08	 2.500000e+00	
 4.081595e-08	 2.500000e+00	
 4.086595e-08	 2.500000e+00	
 4.091595e-08	 2.500000e+00	
 4.096595e-08	 2.500000e+00	
 4.101595e-08	 2.500000e+00	
 4.106595e-08	 2.500000e+00	
 4.111595e-08	 2.500000e+00	
 4.116595e-08	 2.500000e+00	
 4.121595e-08	 2.500000e+00	
 4.126595e-08	 2.500000e+00	
 4.131595e-08	 2.500000e+00	
 4.136595e-08	 2.500000e+00	
 4.141595e-08	 2.500000e+00	
 4.146595e-08	 2.500000e+00	
 4.151595e-08	 2.500000e+00	
 4.156595e-08	 2.500000e+00	
 4.161595e-08	 2.500000e+00	
 4.166595e-08	 2.500000e+00	
 4.171595e-08	 2.500000e+00	
 4.176595e-08	 2.500000e+00	
 4.181595e-08	 2.500000e+00	
 4.186595e-08	 2.500000e+00	
 4.191595e-08	 2.500000e+00	
 4.196595e-08	 2.500000e+00	
 4.201595e-08	 2.500000e+00	
 4.206595e-08	 2.500000e+00	
 4.211595e-08	 2.500000e+00	
 4.216595e-08	 2.500000e+00	
 4.221595e-08	 2.500000e+00	
 4.226595e-08	 2.500000e+00	
 4.231595e-08	 2.500000e+00	
 4.236595e-08	 2.500000e+00	
 4.241595e-08	 2.500000e+00	
 4.246595e-08	 2.500000e+00	
 4.251595e-08	 2.500000e+00	
 4.256595e-08	 2.500000e+00	
 4.261595e-08	 2.500000e+00	
 4.266595e-08	 2.500000e+00	
 4.271595e-08	 2.500000e+00	
 4.276595e-08	 2.500000e+00	
 4.281595e-08	 2.500000e+00	
 4.286595e-08	 2.500000e+00	
 4.291595e-08	 2.500000e+00	
 4.296595e-08	 2.500000e+00	
 4.301595e-08	 2.500000e+00	
 4.306595e-08	 2.500000e+00	
 4.311595e-08	 2.500000e+00	
 4.316595e-08	 2.500000e+00	
 4.321595e-08	 2.500000e+00	
 4.326595e-08	 2.500000e+00	
 4.331595e-08	 2.500000e+00	
 4.336595e-08	 2.500000e+00	
 4.341595e-08	 2.500000e+00	
 4.346595e-08	 2.500000e+00	
 4.351595e-08	 2.500000e+00	
 4.356595e-08	 2.500000e+00	
 4.361595e-08	 2.500000e+00	
 4.366595e-08	 2.500000e+00	
 4.371595e-08	 2.500000e+00	
 4.376595e-08	 2.500000e+00	
 4.381595e-08	 2.500000e+00	
 4.386595e-08	 2.500000e+00	
 4.391595e-08	 2.500000e+00	
 4.396595e-08	 2.500000e+00	
 4.401595e-08	 2.500000e+00	
 4.406595e-08	 2.500000e+00	
 4.411595e-08	 2.500000e+00	
 4.416595e-08	 2.500000e+00	
 4.421595e-08	 2.500000e+00	
 4.426595e-08	 2.500000e+00	
 4.431595e-08	 2.500000e+00	
 4.436595e-08	 2.500000e+00	
 4.441595e-08	 2.500000e+00	
 4.446595e-08	 2.500000e+00	
 4.451595e-08	 2.500000e+00	
 4.456595e-08	 2.500000e+00	
 4.461595e-08	 2.500000e+00	
 4.466595e-08	 2.500000e+00	
 4.471595e-08	 2.500000e+00	
 4.476595e-08	 2.500000e+00	
 4.481595e-08	 2.500000e+00	
 4.486595e-08	 2.500000e+00	
 4.491595e-08	 2.500000e+00	
 4.496595e-08	 2.500000e+00	
 4.500000e-08	 2.500000e+00	
 4.500549e-08	 2.499997e+00	
 4.501299e-08	 2.499995e+00	
 4.502049e-08	 2.499999e+00	
 4.502799e-08	 2.500011e+00	
 4.503000e-08	 2.500016e+00	
 4.503134e-08	 2.500020e+00	
 4.503315e-08	 2.500024e+00	
 4.503571e-08	 2.500029e+00	
 4.504083e-08	 2.500035e+00	
 4.505107e-08	 2.500037e+00	
 4.507156e-08	 2.500023e+00	
 4.511252e-08	 2.499997e+00	
 4.516252e-08	 2.499988e+00	
 4.521252e-08	 2.499989e+00	
 4.526252e-08	 2.499995e+00	
 4.531252e-08	 2.499997e+00	
 4.536252e-08	 2.499999e+00	
 4.541252e-08	 2.500000e+00	
 4.546252e-08	 2.499999e+00	
 4.551252e-08	 2.499999e+00	
 4.556252e-08	 2.499999e+00	
 4.561252e-08	 2.499999e+00	
 4.566252e-08	 2.499999e+00	
 4.571252e-08	 2.499998e+00	
 4.576252e-08	 2.499999e+00	
 4.581252e-08	 2.499999e+00	
 4.586252e-08	 2.499991e+00	
 4.591252e-08	 2.499994e+00	
 4.596252e-08	 2.500000e+00	
 4.601252e-08	 2.500006e+00	
 4.606252e-08	 2.500015e+00	
 4.611252e-08	 2.500024e+00	
 4.616252e-08	 2.500019e+00	
 4.621252e-08	 2.499945e+00	
 4.626252e-08	 2.499782e+00	
 4.631252e-08	 2.499322e+00	
 4.636252e-08	 2.499958e+00	
 4.641252e-08	 2.506231e+00	
 4.646252e-08	 2.526042e+00	
 4.651252e-08	 2.536109e+00	
 4.655698e-08	 2.450665e+00	
 4.660103e-08	 2.050623e+00	
 4.664070e-08	 1.455481e+00	
 4.669070e-08	 6.377644e-01	
 4.673895e-08	 1.561291e-01	
 4.678209e-08	 4.205499e-02	
 4.681823e-08	 3.456443e-02	
 4.685359e-08	 2.464504e-02	
 4.689677e-08	 1.279700e-02	
 4.694042e-08	 6.956774e-03	
 4.699042e-08	 3.573423e-03	
 4.704042e-08	 1.521860e-03	
 4.709042e-08	 5.748012e-04	
 4.714042e-08	 2.091200e-04	
 4.719042e-08	 7.719309e-05	
 4.724042e-08	 2.793163e-05	
 4.729042e-08	 1.059936e-05	
 4.734042e-08	 3.748131e-06	
 4.739042e-08	 1.539090e-06	
 4.744042e-08	 4.963086e-07	
 4.749042e-08	 2.636143e-07	
 4.754042e-08	 1.834161e-07	
 4.759042e-08	 5.036481e-08	
 4.764042e-08	 6.752571e-08	
 4.769042e-08	 2.246077e-08	
 4.774042e-08	 3.844567e-08	
 4.779042e-08	 1.902717e-08	
 4.784042e-08	 2.886995e-08	
 4.789042e-08	 2.139632e-08	
 4.794042e-08	 2.312239e-08	
 4.799042e-08	 1.860075e-08	
 4.804042e-08	 1.706441e-08	
 4.809042e-08	 1.649984e-08	
 4.814042e-08	 1.512021e-08	
 4.819042e-08	 1.273002e-08	
 4.824042e-08	 1.403487e-08	
 4.829042e-08	 1.166052e-08	
 4.834042e-08	 1.163489e-08	
 4.839042e-08	 1.125211e-08	
 4.844042e-08	 1.103402e-08	
 4.849042e-08	 1.000809e-08	
 4.854042e-08	 1.007559e-08	
 4.859042e-08	 1.002676e-08	
 4.864042e-08	 9.653463e-09	
 4.869042e-08	 9.050985e-09	
 4.874042e-08	 9.384820e-09	
 4.879042e-08	 8.915455e-09	
 4.884042e-08	 9.024461e-09	
 4.889042e-08	 8.820387e-09	
 4.894042e-08	 8.720084e-09	
 4.899042e-08	 8.708564e-09	
 4.904042e-08	 1.543995e-08	
 4.909042e-08	-2.746374e-09	
 4.914042e-08	 9.176346e-09	
 4.919042e-08	 1.049180e-08	
 4.924042e-08	 1.331581e-08	
 4.929042e-08	 6.867964e-09	
 4.934042e-08	 8.944244e-09	
 4.939042e-08	 6.971273e-09	
 4.944042e-08	 8.584406e-09	
 4.949042e-08	 7.256129e-09	
 4.954042e-08	 9.338988e-09	
 4.959042e-08	 7.298149e-09	
 4.964042e-08	 9.274016e-09	
 4.969042e-08	 6.359031e-09	
 4.974042e-08	 1.077811e-08	
 4.979042e-08	 7.232180e-09	
 4.984042e-08	 9.529950e-09	
 4.989042e-08	 7.252075e-09	
 4.994042e-08	 8.904591e-09	
 4.999042e-08	 8.185789e-09	
 5.000000e-08	 9.029225e-09	
